byte offset: 0
first index: 0
index count: 16662
topology: trianglelist
format: DXGI_FORMAT_R16_UINT

0 1 2
1 0 3
4 3 0
3 5 1
4 6 3
6 5 3
7 0 2
0 7 8
9 0 8
2 10 7
10 11 7
12 7 11
7 12 13
14 13 12
14 12 15
11 15 12
15 11 16
17 16 11
11 10 17
18 17 10
10 19 18
18 19 20
17 18 21
21 22 17
16 17 22
22 21 23
10 2 19
2 20 19
20 2 1
1 24 20
25 18 20
18 25 26
26 21 18
27 26 25
25 28 27
28 25 29
29 30 28
30 29 31
31 32 30
32 31 33
26 27 34
34 35 26
35 34 36
36 37 35
37 36 38
39 36 34
36 39 40
40 38 36
41 40 39
39 42 41
42 39 43
34 43 39
44 42 43
45 41 42
42 46 45
46 42 47
44 47 42
47 48 46
49 46 48
46 49 50
50 45 46
51 50 49
50 51 52
53 52 51
52 53 54
55 54 53
54 55 56
57 56 55
57 58 56
48 47 59
45 50 60
52 60 50
61 45 60
45 61 62
41 45 62
60 63 61
64 61 63
65 64 63
61 64 66
66 62 61
63 60 67
67 65 63
68 64 65
65 69 68
69 65 70
70 57 69
58 57 70
65 58 70
71 66 64
71 64 68
66 71 72
72 73 66
62 66 73
73 72 74
75 73 74
73 75 76
62 76 41
76 62 73
77 76 75
76 77 40
40 41 76
38 40 77
65 67 78
67 54 78
56 78 54
78 56 58
58 65 78
54 67 52
60 52 67
79 80 81
80 79 82
83 82 79
82 83 84
83 85 84
81 86 79
86 81 87
79 88 83
88 79 86
88 85 83
89 86 87
86 89 90
91 86 90
86 91 88
85 88 91
92 93 94
95 92 94
92 95 96
97 96 95
98 96 97
99 98 97
98 99 100
101 100 99
100 101 102
103 102 101
102 103 104
103 105 104
105 103 106
107 105 106
108 109 110
109 108 111
111 112 109
110 113 108
113 110 114
115 108 113
114 116 113
117 113 116
116 118 117
119 117 118
117 119 120
120 121 117
113 117 121
121 120 122
123 121 122
121 123 124
118 116 125
126 125 116
116 114 126
125 126 127
127 128 125
128 127 129
118 130 119
130 131 119
130 132 131
132 130 133
134 133 130
133 134 135
134 136 135
137 136 134
125 138 137
130 118 134
118 137 134
137 118 125
133 139 132
139 133 140
140 141 139
141 140 142
143 141 142
141 143 144
145 144 143
144 145 146
147 146 145
147 145 148
147 148 149
148 150 149
150 148 151
151 145 143
145 151 148
143 152 151
152 143 142
152 142 140
153 151 152
153 154 150
155 150 154
156 155 154
154 157 156
157 154 158
154 153 158
155 156 159
159 160 155
155 160 161
150 155 161
162 157 158
153 162 158
157 162 163
163 164 157
165 157 164
164 166 165
166 164 167
166 168 165
157 165 169
169 170 157
165 171 169
171 165 168
172 171 168
173 172 168
174 166 173
175 167 164
164 163 175
167 175 176
128 176 175
176 128 129
175 177 178
177 179 180
180 181 182
183 181 184
184 185 183
186 112 187
112 188 187
189 186 187
189 190 186
186 190 191
192 190 189
193 188 108
188 193 194
108 121 195
151 196 197
198 199 200
201 202 203
202 201 123
204 205 202
206 207 208
209 206 208
210 211 212
30 213 214
213 30 32
214 28 30
28 214 44
44 27 28
27 44 43
43 34 27
59 214 213
214 59 47
47 44 214
25 215 29
215 25 20
215 31 29
31 215 216
216 33 31
33 216 217
218 219 220
219 218 221
222 223 218
224 225 133
23 35 37
35 23 21
21 26 35
226 227 228
5 24 1
229 230 231
232 229 231
229 232 233
234 233 232
233 234 235
235 234 236
237 238 239
239 240 241
241 240 242
243 244 237
245 246 243
247 248 245
249 250 247
251 250 249
252 253 254
255 252 254
252 255 256
257 256 255
256 257 258
258 257 259
260 261 262
262 263 264
264 263 265
266 267 260
268 269 266
270 271 268
272 273 270
274 273 272
275 276 277
276 275 278
279 278 275
278 279 280
281 275 277
275 281 282
283 282 281
282 283 284
283 285 284
286 284 285
285 287 286
287 285 288
289 288 285
285 283 289
288 289 290
284 286 291
291 282 284
282 291 292
288 293 287
293 288 294
288 295 294
295 288 290
292 275 282
275 292 279
296 294 295
295 297 296
297 295 298
295 290 298
290 299 298
299 290 289
299 300 298
300 299 301
302 301 299
302 299 289
301 302 303
304 303 302
305 298 300
298 305 306
307 306 305
306 307 308
309 308 307
308 309 310
309 311 310
311 309 312
304 302 313
314 304 313
304 314 315
312 316 311
316 312 317
318 316 317
316 318 319
319 318 320
313 281 314
314 281 321
322 314 321
322 315 314
323 322 321
322 323 324
325 324 323
324 325 326
281 313 283
302 283 313
302 289 283
327 328 329
328 327 330
330 327 331
332 330 331
331 333 332
333 331 334
296 334 331
327 296 331
334 296 297
335 332 333
332 335 336
336 330 332
330 336 337
330 338 328
338 330 337
294 296 327
329 294 327
339 336 335
336 339 340
340 337 336
341 340 339
340 341 342
343 342 341
342 344 340
337 340 344
344 342 345
345 346 344
337 346 338
346 337 344
346 345 347
348 347 345
348 345 342
294 349 293
350 351 352
351 350 353
353 280 351
280 353 278
354 278 353
278 354 276
352 355 350
355 352 356
357 350 355
350 357 358
353 358 354
358 353 350
359 360 361
362 359 363
364 363 359
363 364 365
365 364 366
367 361 368
361 367 369
367 370 369
370 371 372
372 373 370
373 374 375
376 377 373
377 375 378
378 379 377
380 379 381
379 382 381
383 384 385
384 383 386
387 384 386
384 387 388
387 389 388
389 390 388
388 390 391
387 386 392
383 393 386
386 393 392
393 383 394
393 395 392
395 393 396
394 396 393
396 397 395
397 396 398
398 399 397
399 398 400
398 401 400
402 399 400
399 402 403
404 398 396
396 394 404
398 404 405
405 401 398
401 405 406
407 400 401
400 407 402
406 408 401
408 406 409
402 410 403
410 402 407
411 408 409
412 411 409
406 412 409
412 406 413
406 414 413
415 406 405
416 405 404
405 416 417
404 418 416
418 404 394
394 419 418
419 394 383
385 419 383
419 385 420
421 420 385
420 421 422
422 421 423
385 424 421
424 385 425
426 424 425
424 426 427
427 428 424
424 428 429
429 421 424
421 429 423
430 428 427
430 427 431
427 432 431
432 427 426
433 422 423
433 423 434
429 434 423
434 429 428
434 435 433
436 430 431
437 438 435
439 435 438
440 439 438
441 439 440
439 441 442
443 442 441
442 443 444
445 444 443
444 445 446
447 446 445
446 447 448
447 449 448
449 447 450
450 451 449
452 453 451
453 452 454
455 450 452
456 453 454
453 456 457
457 456 458
459 460 461
460 462 461
462 460 463
463 464 462
462 464 465
462 465 466
466 461 462
467 466 465
466 467 468
469 468 467
468 469 470
469 471 470
471 469 472
471 472 473
474 473 472
461 466 475
468 475 466
475 476 461
475 477 476
477 475 478
475 468 478
479 477 478
468 479 478
479 468 470
477 479 480
481 480 479
470 481 479
481 470 471
480 481 482
482 481 483
471 483 481
483 471 473
484 482 483
485 483 473
459 461 476
486 487 488
391 488 487
488 391 390
489 490 491
490 489 492
492 493 490
493 492 494
490 495 491
495 490 496
496 497 495
497 496 498
499 497 498
498 500 499
501 499 500
499 501 502
502 503 499
497 499 503
503 502 504
500 498 505
496 505 498
505 496 506
507 502 501
502 507 508
509 502 508
502 509 504
490 506 496
506 490 493
508 510 509
511 509 510
509 511 512
509 512 504
504 512 513
513 503 504
514 513 512
513 514 515
515 516 513
516 503 513
516 515 517
518 516 517
512 519 514
519 512 520
520 521 519
521 520 522
522 523 521
523 522 524
525 523 524
523 525 526
518 527 516
518 528 527
528 518 529
530 526 525
526 530 531
530 532 531
532 530 533
533 534 532
495 527 528
528 535 495
536 535 528
536 528 529
536 537 535
537 536 538
538 539 537
539 538 540
527 495 497
516 527 497
516 497 503
541 542 543
542 541 544
544 545 542
546 545 544
547 545 546
545 547 548
548 510 545
542 545 510
510 548 511
546 549 547
549 546 550
544 550 546
550 544 551
544 552 551
552 544 541
510 508 542
508 543 542
550 553 549
553 550 554
551 554 550
554 555 553
555 554 556
557 555 556
558 556 554
554 551 558
556 558 559
560 559 558
560 551 552
551 560 558
559 560 561
562 559 561
562 556 559
563 508 507
564 565 566
565 564 567
494 566 565
566 494 492
492 568 566
568 492 489
569 567 564
567 569 570
564 571 569
571 564 572
572 566 568
566 572 564
573 574 575
575 576 573
576 575 577
577 578 576
579 573 580
580 581 582
581 580 583
584 581 583
585 584 586
587 586 584
588 587 589
589 590 591
592 591 590
590 593 587
594 595 592
596 592 595
597 598 599
598 597 600
601 599 598
598 602 601
601 602 603
603 602 604
602 605 604
601 606 599
607 597 599
599 606 607
597 607 608
609 607 606
607 609 610
610 608 607
611 610 609
610 611 612
613 612 611
612 613 614
612 614 615
613 616 614
616 613 617
612 618 610
608 610 618
618 612 619
615 619 612
619 615 620
614 621 615
621 614 616
622 620 615
620 622 623
616 617 624
624 621 616
625 623 622
626 623 625
626 620 623
620 626 627
628 620 627
620 629 619
619 630 618
630 619 631
632 618 630
618 632 608
633 608 632
608 633 597
633 600 597
600 633 634
634 635 600
635 634 636
636 637 635
638 600 635
600 638 639
638 640 639
640 638 641
642 641 638
642 638 643
643 635 637
635 643 638
644 641 642
644 645 641
641 646 640
646 641 645
647 637 636
647 648 637
643 637 648
648 642 643
648 647 649
650 645 644
651 649 652
653 652 649
654 652 653
653 655 654
655 653 656
656 657 655
657 656 658
658 659 657
659 658 660
660 661 659
661 660 662
663 661 662
661 663 664
665 664 663
666 667 665
667 666 668
664 669 667
666 670 668
670 666 671
671 672 670
673 674 675
676 675 674
675 676 677
677 676 678
676 679 678
676 680 679
674 680 676
680 681 679
681 680 682
682 683 681
683 682 684
685 683 684
683 685 686
685 687 686
688 686 687
680 674 689
689 682 680
689 674 690
691 689 690
689 691 692
682 689 692
691 693 692
693 682 692
682 693 684
693 691 694
694 695 693
695 684 693
684 695 685
695 694 696
696 697 695
685 697 687
697 685 695
698 697 696
699 687 697
673 690 674
700 701 702
701 605 702
605 701 604
703 704 705
704 703 706
707 703 705
705 704 708
707 705 709
709 705 708
703 710 706
710 703 711
712 711 703
713 706 710
714 713 710
710 715 714
715 710 716
717 715 716
717 718 715
718 714 715
714 718 719
719 720 714
713 714 720
720 721 713
713 721 722
721 723 722
721 720 724
725 724 720
720 719 725
724 725 726
706 713 722
723 706 722
706 723 704
704 723 727
721 728 723
728 721 729
724 729 721
729 730 728
731 728 730
728 731 732
733 732 731
732 733 734
735 734 733
734 735 736
730 729 737
738 737 729
737 738 739
740 739 738
739 740 741
739 742 737
742 739 743
741 743 739
743 744 742
745 742 744
742 745 746
746 737 742
747 746 745
744 748 745
749 745 748
745 749 750
750 747 745
751 750 749
749 752 751
752 749 753
748 753 749
753 754 752
754 753 755
755 756 754
756 755 757
757 758 756
758 757 759
760 758 759
760 759 761
750 751 762
753 748 763
763 755 753
748 764 763
765 763 764
764 766 765
767 765 766
766 764 768
763 765 769
767 769 765
769 757 755
755 763 769
770 767 766
771 767 770
767 771 772
772 771 760
761 772 760
761 767 772
768 773 766
773 770 766
773 768 774
775 774 768
774 775 776
775 777 776
777 775 778
778 779 777
779 778 743
768 780 775
780 778 775
780 768 764
764 748 780
748 744 780
778 780 744
744 743 778
743 741 779
781 782 783
782 781 784
783 785 781
785 783 786
785 786 787
788 784 781
784 788 789
781 790 788
790 781 785
790 785 787
788 791 789
791 788 792
788 793 792
793 788 790
787 793 790
794 795 796
794 797 795
797 794 798
799 797 798
800 799 798
800 801 799
801 800 802
802 803 801
803 802 804
804 805 803
805 804 806
807 805 806
805 807 808
808 807 809
810 811 812
811 810 813
814 812 811
815 813 810
813 815 816
810 817 815
818 816 815
815 819 818
820 818 819
819 821 820
821 819 822
823 822 819
819 815 823
822 823 824
823 825 824
823 810 826
818 820 827
827 828 818
816 818 828
828 827 829
830 829 827
829 830 831
832 820 821
820 832 833
834 833 832
832 835 834
835 832 836
832 821 836
833 834 837
833 837 838
838 839 833
827 839 840
820 839 827
839 820 833
841 834 835
834 841 842
843 842 841
842 843 844
843 845 844
845 843 846
846 847 845
847 846 848
849 847 848
849 850 847
849 851 850
852 850 851
850 852 853
853 847 850
847 853 845
845 854 844
854 845 853
854 842 844
853 855 854
856 855 852
852 857 856
857 858 856
859 856 858
856 859 860
855 856 860
858 857 861
861 857 862
857 863 862
857 852 863
859 864 860
864 855 860
864 859 865
866 865 859
859 867 866
868 866 867
866 868 869
870 868 867
867 859 871
871 859 872
867 873 870
873 867 871
874 870 873
875 870 874
868 876 875
869 877 866
865 866 877
877 869 878
878 830 877
830 878 831
879 877 880
881 879 882
883 882 884
883 885 886
887 886 885
888 889 814
890 814 889
891 889 888
891 888 892
888 893 892
894 891 892
895 890 896
890 895 810
897 853 898
899 900 901
825 902 903
904 905 825
905 904 906
907 908 905
909 910 911
910 912 911
913 914 915
733 916 735
916 733 917
731 917 733
917 731 747
730 747 731
747 730 746
737 746 730
917 762 916
762 917 750
747 750 917
728 918 723
918 728 732
734 918 732
918 734 919
736 919 734
919 736 920
921 922 923
922 921 924
925 926 922
927 928 834
738 726 740
726 738 724
729 724 738
929 930 931
708 704 727
767 761 932
769 767 932
759 932 761
932 759 757
757 769 932
933 934 935
934 933 936
934 937 935
937 934 938
937 939 935
939 937 940
940 941 939
941 940 942
942 943 941
943 942 944
944 945 943
945 944 946
946 947 945
947 946 948
948 949 947
949 948 950
950 951 949
951 950 952
953 939 941
953 941 943
954 953 943
954 943 945
954 955 953
951 956 949
956 951 957
958 957 951
958 951 959
959 951 952
960 958 959
958 960 961
962 961 960
961 962 963
949 956 964
964 947 949
947 964 965
965 966 947
966 945 947
945 966 967
968 965 964
965 968 969
969 966 965
970 969 968
968 971 970
971 968 972
964 972 968
969 970 973
973 970 974
975 970 971
970 975 976
974 970 976
975 977 976
974 976 977
974 977 978
972 979 971
979 975 971
979 972 980
975 979 981
982 981 979
980 982 979
981 982 983
984 981 983
981 984 985
977 975 985
985 975 981
983 986 984
986 983 987
987 988 986
988 987 989
988 989 990
991 983 982
983 991 987
987 992 989
992 987 991
990 989 992
982 980 993
991 982 993
957 993 980
980 956 957
956 980 972
972 964 956
993 957 958
992 991 961
961 993 958
991 993 961
963 992 961
963 994 992
962 995 963
996 997 998
997 996 999
1000 998 997
998 1000 1001
1002 1001 1000
1001 1002 1003
1004 1003 1002
1003 1004 1005
1006 1005 1004
1005 1006 1007
1008 1007 1006
1007 1008 1009
1001 1010 998
1010 1001 1011
1003 1011 1001
1012 998 1010
1010 1013 1012
1013 1010 1014
1010 1011 1014
1011 1003 1015
1005 1015 1003
1015 1005 1016
1007 1016 1005
1016 1007 1017
1009 1017 1007
1017 1009 1018
1019 1012 1013
1012 1019 1020
1021 1020 1019
1020 1021 1022
1022 1023 1020
1023 1022 1024
1025 1023 1024
1023 1025 1026
1027 1022 1021
1022 1027 1028
1028 1024 1022
1024 1028 1029
1024 1030 1025
1030 1024 1029
996 1020 1023
1020 996 1012
998 1012 996
1023 999 996
999 1023 1026
1031 1030 1029
1030 1031 1032
1033 1032 1031
1032 1033 1034
1031 1035 1033
1035 1031 1036
1036 1029 1028
1029 1036 1031
1036 1037 1035
1037 1036 1038
1038 1028 1027
1028 1038 1036
1039 1037 1038
1037 1039 1040
1038 1041 1039
1041 1038 1027
1042 1033 1035
1033 1042 1043
1043 1034 1033
1042 1044 1043
1044 1042 1045
1045 1046 1044
1046 1045 1047
1048 1046 1047
1049 1046 1048
1049 1044 1046
1044 1049 1050
1050 1043 1044
1051 1047 1045
1042 1051 1045
1047 1051 1052
1053 1047 1052
1051 1054 1052
1052 1054 1055
1054 1051 1056
1043 1050 1057
1051 1058 1056
1058 1051 1059
1059 1040 1058
1051 1042 1060
1040 1060 1037
1035 1060 1042
1061 1035 1037
1034 1043 1057
1062 1063 1064
1062 1064 1065
1066 1065 1064
978 1065 1066
978 1066 974
1067 1066 1064
1067 1064 1068
1068 1064 1063
1068 1063 1069
1063 1070 1069
1070 1063 1071
1072 1069 1070
1069 1072 1073
1073 1068 1069
955 1073 1072
1073 955 954
954 1074 1073
1068 1073 1074
1074 1067 1068
1074 954 967
1066 1067 973
1066 973 974
1075 973 1067
967 1075 1074
1067 1074 1075
973 1075 969
966 969 1075
1075 967 966
1072 1076 955
1077 955 1076
1076 933 1077
935 1077 933
1077 935 939
939 953 1077
955 1077 953
933 1076 1078
1078 936 933
936 1078 1079
1079 1080 936
1080 934 936
934 1080 1081
1082 1081 1080
1081 1082 1083
1084 1083 1082
1083 1084 1085
1086 1085 1084
1085 1086 1087
1086 1088 1087
1087 1089 1085
1089 1087 1090
1090 1091 1089
1091 1090 1092
1091 1093 1089
1085 1093 1083
1093 1085 1089
1094 1092 1090
1090 1087 1094
1087 1088 1094
1092 1094 1095
1083 1096 1081
1096 1083 1093
938 1081 1096
1081 938 934
1097 1098 1099
1100 1097 1099
1097 1100 1101
1102 1101 1100
1101 1102 1103
1103 1104 1101
1104 1103 1105
1097 1106 1098
1107 1106 1097
1107 1101 1104
1101 1107 1097
1108 1103 1102
1103 1108 1109
1103 1109 1105
1110 1109 1108
1105 1109 1111
1112 1111 1109
1110 1112 1109
1113 1112 1110
1112 1113 1114
1115 1114 1113
1114 1115 1116
1117 1112 1114
1116 1117 1114
1117 1118 1112
1118 1117 1119
1118 1119 1120
1117 1116 1121
1121 1119 1117
1112 1122 1111
1118 1122 1112
1123 1116 1115
1116 1123 1124
1124 1121 1116
1125 1124 1123
1125 1126 1124
1127 1126 1125
1128 1124 1126
1124 1128 1129
1121 1124 1129
1130 1129 1128
1129 1130 1131
1131 1130 1132
1130 1133 1132
1133 1130 1134
1130 1135 1134
1135 1136 1134
1136 1135 1137
1128 1138 1130
1130 1138 1135
1138 1137 1135
1138 1128 1139
1126 1139 1128
1139 1140 1138
1137 1138 1140
1140 1141 1137
1141 1140 1142
1142 1143 1141
1144 1143 1142
1145 1144 1142
1144 1145 1146
1146 1147 1144
1148 1144 1147
1147 1149 1148
1149 1147 1150
1151 1150 1147
1147 1146 1151
1150 1151 1152
1144 1148 1153
1153 1143 1144
1154 1142 1140
1142 1154 1145
1140 1139 1154
1155 1146 1145
1145 1154 1155
1146 1155 1156
1156 1151 1146
1151 1156 1157
1157 1152 1151
1152 1157 1158
1157 1159 1158
1159 1157 1160
1157 1156 1160
1161 1158 1159
1158 1161 1162
1163 1162 1161
1162 1163 1164
1165 1164 1163
1160 1156 1166
1156 1155 1166
1166 1155 1167
1158 1168 1152
1168 1158 1162
1162 1169 1168
1169 1162 1164
1164 1170 1169
1171 1168 1169
1169 1170 1171
1172 1171 1170
1172 1173 1171
1168 1171 1173
1173 1152 1168
1173 1172 1174
1152 1173 1150
1174 1150 1173
1150 1174 1149
1167 1175 1127
1167 1155 1175
1154 1175 1155
1175 1154 1139
1139 1126 1175
1175 1126 1127
1176 1177 1178
1177 1179 1178
1180 1179 1177
1180 1181 1179
1182 1181 1180
1182 1180 1183
1184 1182 1183
1185 1184 1183
1184 1185 1186
1187 1186 1185
1188 1186 1187
1188 1189 1186
1189 1188 1190
1188 1191 1190
1191 1188 1192
1193 1189 1190
1191 1193 1190
1189 1193 1194
1195 1194 1193
1196 1195 1193
1193 1191 1196
1195 1196 1197
1194 1195 1198
1198 1199 1194
1199 1189 1194
1199 1198 1200
1201 1199 1200
1199 1201 1202
1203 1198 1195
1203 1200 1198
1203 1201 1200
1195 1197 1203
1189 1199 1204
1202 1204 1199
1204 1202 1205
1191 1192 1206
1206 1207 1191
1207 1206 1208
1206 1209 1208
1209 1206 1210
1207 1208 1211
1208 1209 1212
1211 1208 1212
1206 1213 1210
1192 1213 1206
1205 1184 1204
1186 1204 1184
1204 1186 1189
1184 1205 1182
1213 1192 1214
1214 1192 1188
1215 1178 1216
1176 1178 1215
1215 1217 1176
1218 1217 1215
1216 1178 1179
1219 1177 1176
1219 1220 1177
1220 1219 1221
1222 1221 1219
1223 1222 1219
1220 1180 1177
1222 1185 1221
1183 1221 1185
1221 1183 1220
1183 1180 1220
1224 1225 1226
1225 1224 1227
1228 1226 1225
1229 1228 1225
1229 1225 1230
1230 1225 1227
1228 1229 1231
1226 1228 1232
1233 1231 1229
1231 1233 1234
1229 1235 1233
1229 1230 1235
1235 1236 1233
1236 1237 1233
1237 1234 1233
1237 1236 1238
1239 1237 1238
1237 1239 1240
1240 1241 1237
1234 1237 1241
1241 1240 1242
1243 1242 1240
1240 1239 1243
1242 1243 1244
1245 1244 1243
1244 1245 1246
1247 1246 1245
1246 1247 1248
1249 1248 1247
1248 1249 1250
1251 1250 1249
1250 1251 1252
1253 1254 1255
1254 1253 1256
1257 1254 1256
1254 1257 1258
1258 1259 1254
1259 1255 1254
1255 1259 1260
1261 1255 1260
1261 1253 1255
1261 1262 1253
1261 1260 1263
1263 1264 1261
1261 1264 1262
1264 1263 1265
1266 1265 1263
1265 1266 1267
1266 1263 1268
1260 1259 1268
1263 1260 1268
1259 1269 1268
1270 1269 1259
1258 1270 1259
1269 1271 1268
1271 1266 1268
1265 1267 1272
1273 1272 1267
1272 1274 1265
1265 1274 1275
1275 1264 1265
1274 1272 1276
1277 1276 1272
1276 1277 1278
1279 1278 1277
1278 1279 1280
1281 1280 1279
1280 1281 1282
1283 1282 1281
1282 1283 1284
1285 1284 1283
1286 1273 1287
1287 1288 1286
1287 1289 1288
1287 1271 1289
1287 1266 1271
1287 1267 1266
1267 1287 1273
1286 1288 1290
1290 1291 1286
1291 1290 1292
1291 1292 1293
1290 1294 1292
1295 1292 1294
1293 1292 1295
1295 1294 1296
1294 1297 1296
1297 1294 1298
1294 1290 1298
1298 1290 1288
1299 1136 1300
1136 1299 1301
1300 1302 1299
1302 1300 1303
1303 1304 1302
1304 1303 1305
1305 1306 1304
1306 1305 1307
1308 1307 1305
1308 1305 1303
1308 1303 1309
1309 1303 1300
1309 1300 1310
1307 1308 1311
1312 1307 1311
1313 1304 1306
1313 1306 1314
1314 1306 1307
1314 1315 1313
1316 1313 1315
1313 1316 1317
1304 1313 1317
1317 1302 1304
1318 1317 1316
1317 1318 1319
1320 1319 1318
1319 1320 1321
1322 1321 1320
1321 1322 1323
1302 1317 1319
1319 1299 1302
1299 1319 1321
1321 1301 1299
1301 1321 1323
1324 1323 1322
1323 1324 1325
1326 1325 1324
1325 1326 1327
1328 1327 1326
1327 1328 1131
1327 1133 1325
1323 1133 1301
1133 1323 1325
1133 1327 1132
1131 1132 1327
1134 1301 1133
1301 1134 1136
1329 1131 1328
1131 1329 1330
1330 1129 1131
1129 1330 1121
1120 1330 1329
1330 1120 1119
1119 1121 1330
1137 1300 1136
1300 1137 1310
1331 1332 1333
1334 1333 1332
1333 1334 1335
1336 1335 1334
1335 1336 1337
1338 1337 1336
1337 1338 1339
1340 1341 1342
1341 1340 1343
1340 1342 1344
1341 1343 1345
1345 1343 1346
1341 1345 1347
1345 1348 1347
1348 1349 1347
1350 1351 1352
1351 1350 1353
1354 1353 1350
1353 1354 1355
1356 1355 1354
1354 1357 1356
1357 1354 1358
1350 1358 1354
1355 1356 1359
1353 1360 1351
1360 1353 1361
1355 1361 1353
1359 1362 1355
1361 1355 1362
1362 1359 1363
1352 1364 1350
1358 1350 1364
1364 1352 1365
1365 1256 1364
1256 1365 1257
1253 1364 1256
1364 1253 1358
1262 1358 1253
1262 1357 1358
1366 1257 1365
1257 1366 1367
1368 1257 1367
1257 1368 1258
1369 1258 1368
1258 1369 1370
1371 1370 1369
1370 1371 1372
1372 1373 1370
1373 1372 1374
1375 1374 1372
1374 1375 1376
1375 1377 1376
1377 1375 1378
1378 1379 1377
1379 1378 1380
1380 1381 1379
1381 1380 1382
1382 1383 1381
1384 1372 1371
1372 1384 1375
1385 1375 1384
1375 1385 1378
1385 1380 1378
1380 1385 1386
1386 1382 1380
1382 1386 1387
1387 1383 1382
1388 1370 1373
1370 1388 1258
1388 1389 1258
1105 1111 1122
1390 1391 1392
1390 1393 1391
1078 1393 1390
1390 1079 1078
1393 1070 1391
1070 1392 1391
1070 1393 1072
1076 1072 1393
1078 1076 1393
1392 1070 1071
1063 1394 1071
1062 1394 1063
1395 1394 1062
1394 1395 1396
1396 1395 1397
1398 1399 1400
1399 1398 1401
1402 1398 1400
1398 1402 1403
1402 1404 1403
1404 1402 1405
1405 1406 1404
1406 1405 1407
1408 1399 1401
1399 1408 1409
1410 1409 1408
1407 1411 1406
1411 1407 1412
1412 1413 1411
1413 1412 1414
1414 1415 1413
1416 1415 1414
1415 1416 1417
1416 1418 1417
1418 1416 1419
1419 1420 1418
1420 1419 1421
1421 1422 1420
1422 1421 1423
1424 1422 1423
1422 1424 1425
1426 1425 1424
1425 1426 1427
1428 1427 1426
1411 1365 1352
1365 1411 1366
1406 1411 1352
1351 1406 1352
1406 1351 1404
1351 1403 1404
1403 1351 1360
1429 1027 1021
1027 1429 1041
1264 1275 1430
1431 1264 1430
1264 1431 1262
1431 1357 1262
1432 1433 1434
1433 1432 1435
1436 1435 1432
1435 1436 1437
1438 1435 1437
1438 1437 1439
1439 1437 1436
1435 1438 1440
1440 1433 1435
1433 1440 1441
1442 1441 1440
1440 1443 1442
1441 1442 1444
1445 1440 1438
1438 1446 1445
1439 1446 1438
1447 1440 1445
1447 1443 1440
1444 1448 1441
1448 1433 1441
1448 1444 1449
1449 1450 1448
1450 1449 1451
1451 1452 1450
1453 1450 1452
1452 1454 1453
1454 1452 1455
1456 1455 1452
1452 1451 1456
1455 1456 1457
1450 1453 1458
1458 1448 1450
1453 1459 1458
1459 1453 1460
1454 1460 1453
1460 1454 1461
1457 1462 1455
1462 1457 1463
1464 1462 1463
1462 1464 1465
1466 1462 1465
1462 1466 1467
1455 1467 1454
1467 1455 1462
1467 1461 1454
1466 1468 1467
1461 1467 1468
1468 1466 1469
1470 1469 1466
1465 1470 1466
1469 1470 1471
1472 1471 1470
1471 1472 1473
1474 1472 1470
1470 1465 1474
1472 1474 1475
1476 1475 1474
1465 1476 1474
1476 1465 1464
1475 1476 1477
1478 1473 1472
1475 1478 1472
1473 1478 1479
1480 1479 1478
1479 1480 1481
1482 1481 1480
1483 1482 1480
1482 1483 1484
1481 1482 1485
1486 1480 1478
1480 1486 1483
1478 1475 1486
1477 1486 1475
1487 1483 1486
1486 1477 1487
1483 1487 1488
1488 1484 1483
1489 1485 1482
1484 1489 1482
1485 1489 1490
1489 1484 1491
1492 1490 1489
1491 1492 1489
1490 1492 1493
1494 1493 1492
1493 1494 1495
1496 1495 1494
1495 1496 1497
1494 1498 1496
1498 1494 1499
1500 1496 1498
1501 1500 1498
1500 1501 1502
1496 1500 1503
1503 1497 1496
1503 1500 1504
1500 1502 1504
1505 1494 1492
1494 1505 1499
1492 1491 1505
1498 1506 1501
1506 1498 1499
1499 1507 1506
1507 1499 1505
1505 1508 1507
1508 1505 1491
1491 1509 1508
1509 1510 1508
1488 1510 1509
1510 1488 1511
1487 1511 1488
1511 1487 1512
1487 1513 1512
1513 1487 1477
1477 1514 1513
1514 1477 1476
1476 1515 1514
1515 1476 1464
1464 1516 1515
1516 1464 1463
1463 1517 1516
1517 1463 1457
1518 1517 1457
1456 1518 1457
1451 1518 1456
1518 1451 1519
1449 1519 1451
1519 1449 1520
1444 1520 1449
1521 1522 1523
1522 1521 1524
1525 1524 1521
1524 1525 1526
1527 1526 1525
1528 1523 1522
1523 1528 1529
1529 1528 1530
1531 1532 1533
1533 1534 1531
1533 1535 1536
1537 1538 1539
1540 1539 1538
1539 1540 1541
1537 1542 1538
1543 1541 1540
1541 1543 1544
1545 1544 1543
1545 1546 1544
1546 1545 1547
1546 1547 1548
1548 1547 1549
1548 1549 1550
1547 1551 1549
1551 1547 1552
1545 1552 1547
1552 1545 1553
1543 1553 1545
1554 1549 1551
1549 1554 1555
1556 1555 1554
1555 1556 1557
1558 1557 1556
1557 1558 1559
1559 1558 1560
1558 1561 1560
1561 1562 1560
1562 1561 1563
1563 1564 1562
1564 1565 1562
1564 1566 1565
1542 1567 1568
1569 1570 1571
1570 1569 1572
1573 1571 1570
1571 1573 1574
1572 1575 1570
1575 1572 1576
1576 1577 1575
1577 1576 1578
1579 1575 1577
1575 1579 1580
1570 1580 1573
1580 1570 1575
1574 1581 1571
1581 1574 1582
1582 1583 1581
1584 1581 1583
1581 1584 1585
1585 1571 1581
1583 1582 1586
1583 1587 1584
1587 1583 1588
1586 1588 1583
1588 1589 1587
1589 1588 1590
1590 1591 1589
1591 1590 1592
1592 1593 1591
1593 1592 1594
1592 1595 1594
1595 1596 1594
1596 1593 1594
1595 1592 1597
1590 1597 1592
1597 1590 1598
1590 1599 1598
1599 1590 1588
1588 1586 1599
1598 1600 1597
1597 1600 1601
1600 1598 1602
1599 1602 1598
1602 1599 1603
1599 1604 1603
1604 1599 1586
1586 1605 1604
1605 1586 1582
1582 1606 1605
1606 1582 1574
1574 1607 1606
1607 1574 1573
1573 1608 1607
1608 1573 1580
1580 1609 1608
1609 1580 1579
1579 1610 1609
1610 1579 1611
1577 1611 1579
1611 1577 1612
1578 1612 1577
1612 1578 1613
1613 1614 1612
1614 1613 1615
1615 1616 1614
1616 1615 1617
1616 1617 1618
1612 1619 1611
1619 1612 1614
1616 1619 1614
1620 1611 1619
1611 1620 1610
1619 1621 1620
1621 1619 1616
1622 1616 1618
1622 1621 1616
1618 1623 1622
1623 1618 1624
1624 1625 1623
1625 1624 1626
1625 1626 1627
1571 1585 1569
1433 1448 1628
1628 1434 1433
1434 1628 1629
1448 1458 1628
1458 1629 1628
1629 1458 1459
1630 1631 1632
1631 1630 1633
1634 1632 1631
1632 1634 1635
1636 1633 1630
1633 1636 1637
1630 1638 1636
1638 1630 1639
1632 1639 1630
1639 1640 1638
1641 1638 1640
1641 1636 1638
1640 1639 1642
1643 1642 1639
1639 1632 1643
1635 1643 1632
1642 1643 1644
1645 1644 1643
1643 1635 1645
1644 1645 1646
1647 1635 1634
1635 1647 1648
1648 1645 1635
1649 1646 1645
1645 1648 1649
1646 1649 1650
1651 1648 1647
1648 1651 1652
1649 1648 1652
1653 1652 1651
1652 1653 1654
1655 1654 1653
1654 1655 1656
1657 1656 1655
1656 1657 1658
1659 1656 1658
1660 1658 1657
1658 1660 1661
1661 1662 1658
1659 1658 1662
1662 1661 1663
1664 1662 1663
1663 1665 1664
1665 1663 1666
1667 1664 1665
1664 1667 1668
1662 1664 1669
1668 1669 1664
1669 1668 1670
1671 1669 1670
1669 1671 1672
1673 1669 1672
1673 1662 1669
1673 1659 1662
1661 1674 1663
1674 1661 1675
1660 1675 1661
1675 1676 1674
1676 1675 1677
1678 1677 1675
1675 1660 1678
1677 1678 1679
1677 1680 1676
1680 1677 1681
1679 1681 1677
1682 1680 1681
1683 1682 1681
1681 1679 1683
1684 1672 1671
1684 1685 1672
1685 1673 1672
1686 1685 1684
1685 1686 1687
1685 1687 1654
1650 1687 1686
1685 1654 1656
1685 1656 1659
1687 1652 1654
1649 1652 1687
1650 1649 1687
1673 1685 1659
1688 1689 1690
1691 1689 1688
1689 1691 1692
1693 1692 1691
1692 1693 1694
1695 1694 1693
1694 1695 1696
1697 1694 1696
1696 1698 1697
1698 1696 1699
1700 1698 1699
1698 1700 1701
1700 1702 1701
1702 1700 1703
1703 1704 1702
1704 1703 1705
1705 1706 1704
1706 1705 1707
1707 1708 1706
1694 1697 1709
1697 1710 1709
1710 1697 1711
1712 1711 1697
1711 1712 1713
1712 1714 1713
1715 1709 1710
1709 1715 1716
1716 1694 1709
1694 1716 1692
1717 1692 1716
1715 1717 1716
1692 1717 1689
1718 1689 1717
1718 1690 1689
1719 1690 1718
1690 1719 1720
1690 1721 1688
1722 1688 1721
1721 1723 1722
1723 1724 1722
1724 1723 1725
1725 1726 1724
1726 1725 1641
1726 1641 1727
1640 1727 1641
1640 1728 1727
1729 1728 1640
1688 1722 1691
1724 1691 1722
1691 1724 1730
1726 1730 1724
1730 1726 1731
1727 1731 1726
1731 1727 1732
1728 1732 1727
1732 1728 1733
1733 1728 1734
1729 1734 1728
1735 1734 1729
1734 1735 1736
1737 1736 1735
1707 1736 1737
1738 1707 1737
1707 1738 1708
1739 1708 1738
1708 1739 1740
1741 1740 1739
1741 1742 1740
1742 1741 1743
1741 1744 1743
1743 1744 1745
1744 1670 1745
1740 1746 1708
1746 1740 1742
1742 1747 1746
1748 1746 1747
1746 1748 1706
1708 1746 1706
1748 1704 1706
1704 1748 1749
1749 1702 1704
1702 1749 1750
1750 1701 1702
1701 1750 1751
1751 1698 1701
1698 1751 1752
1697 1698 1752
1753 1745 1670
1668 1753 1670
1747 1742 1754
1743 1754 1742
1754 1743 1755
1745 1755 1743
1755 1745 1756
1745 1753 1756
1757 1758 1759
1758 1757 1760
1759 1761 1757
1761 1759 1762
1762 1763 1761
1763 1762 1764
1765 1764 1762
1764 1765 1766
1765 1767 1766
1764 1768 1763
1767 1769 1766
1769 1767 1770
1760 1771 1758
1771 1760 1772
1768 1764 1773
1773 1766 1769
1766 1773 1764
1768 1774 1763
1768 1775 1774
1775 1768 1776
1773 1776 1768
1776 1777 1775
1777 1776 1778
1779 1778 1776
1776 1773 1779
1769 1779 1773
1778 1779 1780
1781 1780 1779
1779 1769 1781
1770 1781 1769
1780 1781 1782
1783 1782 1781
1781 1770 1783
1782 1783 1784
1780 1785 1778
1785 1780 1786
1782 1786 1780
1786 1787 1785
1787 1786 1788
1788 1786 1789
1786 1782 1789
1789 1782 1784
1790 1788 1789
1788 1790 1791
1788 1792 1787
1792 1788 1791
1791 1793 1792
1793 1791 1794
1795 1792 1793
1792 1795 1796
1796 1787 1792
1794 1797 1793
1797 1794 1798
1798 1799 1797
1800 1797 1799
1797 1800 1801
1793 1801 1795
1801 1793 1797
1799 1798 1802
1799 1803 1800
1803 1799 1804
1804 1799 1802
1805 1800 1803
1803 1806 1805
1806 1803 1807
1807 1803 1804
1800 1805 1808
1808 1801 1800
1801 1808 1809
1809 1795 1801
1795 1809 1810
1810 1796 1795
1796 1810 1811
1811 1812 1796
1787 1796 1812
1812 1785 1787
1785 1812 1813
1813 1778 1785
1778 1813 1777
1812 1811 1814
1814 1813 1812
1813 1814 1815
1777 1813 1815
1816 1817 1818
1816 1819 1817
1819 1816 1820
1819 1821 1817
1821 1819 1822
1822 1823 1821
1823 1822 1824
1825 1824 1822
1824 1825 1826
1826 1827 1824
1827 1826 1828
1829 1827 1828
1827 1829 1830
1831 1830 1829
1830 1831 1832
1833 1830 1832
1830 1833 1834
1834 1827 1830
1832 1835 1833
1835 1832 1836
1837 1832 1831
1832 1837 1836
1838 1836 1837
1836 1838 1839
1827 1834 1840
1838 1841 1839
1842 1836 1839
1836 1842 1835
1843 1842 1839
1839 1841 1843
1841 1844 1843
1845 1844 1841
1844 1845 1846
1844 1846 1847
1848 1845 1841
1838 1848 1841
1840 1824 1827
1824 1840 1823
1849 1850 1851
1850 1849 1852
1851 1853 1849
1853 1851 1854
1854 1772 1853
1772 1854 1771
1855 1771 1854
1771 1855 1856
1856 1758 1771
1758 1856 1857
1857 1759 1758
1759 1857 1858
1858 1762 1759
1762 1858 1765
1854 1859 1855
1859 1854 1851
1851 1860 1859
1860 1851 1850
1861 1860 1850
1861 1862 1852
1863 1864 1865
1864 1863 1866
1864 1867 1865
1867 1864 1868
1864 1869 1868
1869 1864 1870
1866 1870 1864
1870 1871 1869
1871 1870 1872
1872 1873 1871
1870 1866 1874
1874 1872 1870
1866 1875 1874
1876 1874 1875
1874 1876 1877
1872 1874 1877
1877 1873 1872
1876 1878 1877
1873 1877 1878
1878 1879 1873
1878 1876 1880
1880 1879 1878
1875 1866 1881
1863 1881 1866
1881 1863 1882
1879 1880 1883
1879 1883 1884
1863 1885 1882
1885 1863 1886
1886 1887 1885
1887 1886 1888
1888 1889 1887
1889 1888 1890
1890 1891 1889
1891 1890 1892
1893 1892 1890
1892 1893 1894
1893 1895 1894
1895 1893 1896
1897 1894 1895
1894 1897 1898
1899 1898 1897
1898 1899 1900
1899 1901 1900
1901 1899 1902
1903 1898 1900
1898 1903 1904
1904 1894 1898
1894 1904 1892
1905 1892 1904
1892 1905 1891
1906 1904 1903
1904 1906 1905
1903 1907 1906
1907 1903 1908
1900 1908 1903
1908 1900 1901
1908 1909 1907
1909 1908 1910
1901 1910 1908
1910 1911 1909
1911 1910 1912
1912 1913 1911
1913 1912 1914
1914 1915 1913
1915 1914 1916
1916 1917 1915
1917 1916 1918
1919 1917 1918
1920 1918 1916
1918 1920 1921
1921 1922 1918
1920 1923 1921
1923 1924 1921
1923 1920 1925
1926 1916 1914
1916 1926 1920
1927 1920 1926
1920 1927 1925
1928 1914 1912
1914 1928 1926
1929 1926 1928
1926 1929 1927
1912 1930 1928
1930 1912 1910
1931 1928 1930
1928 1931 1929
1910 1901 1930
1902 1930 1901
1930 1902 1931
1932 1933 1934
1933 1932 1935
1934 1936 1932
1936 1934 1937
1937 1938 1936
1938 1937 1939
1940 1933 1935
1941 1942 1943
1944 1943 1942
1943 1944 1945
1946 1945 1944
1945 1946 1947
1948 1947 1946
1949 1942 1941
1950 1941 1943
1951 1949 1941
1949 1951 1952
1953 1952 1951
1952 1953 1954
1955 1954 1953
1953 1956 1955
1956 1953 1957
1951 1957 1953
1954 1955 1958
1959 1958 1955
1958 1959 1960
1961 1960 1959
1960 1961 1962
1960 1962 1963
1964 1955 1956
1955 1964 1959
1959 1965 1961
1965 1959 1964
1962 1966 1963
1966 1962 1967
1967 1968 1966
1968 1967 1969
1969 1967 1970
1970 1962 1961
1962 1970 1967
1969 1971 1968
1971 1969 1972
1973 1971 1972
1974 1973 1972
1974 1969 1970
1974 1972 1969
1973 1974 1975
1976 1973 1975
1977 1976 1975
1974 1977 1975
1977 1974 1978
1970 1978 1974
1978 1970 1979
1961 1979 1970
1979 1961 1965
1980 1504 1981
1504 1980 1982
1983 1504 1982
1503 1504 1983
1984 1982 1980
1502 1981 1504
1985 1986 1983
1497 1503 1985
1983 1987 1988
1989 1984 1988
1990 1991 1992
1993 1994 1995
1994 1993 1996
1996 1997 1994
1996 1998 1997
1998 1996 1999
1999 2000 1998
2000 1999 2001
1993 1995 2002
1993 2002 2003
2003 1999 1996
1993 2003 1996
1999 2004 2001
2004 1999 2003
2002 2004 2003
2005 2001 2004
2006 2005 2004
2004 2002 2006
2005 2006 2007
2008 2007 2006
2007 2008 2009
2001 2005 2010
2001 2011 2000
2011 2001 2010
2007 2009 2012
2013 2007 2012
2007 2013 2005
2013 2010 2005
2010 2013 2014
2015 2014 2013
2012 2015 2013
2014 2015 2016
2016 2017 2014
2010 2017 2011
2017 2010 2014
2017 2016 2018
2019 2018 2016
2018 2019 2020
2021 2016 2015
2016 2021 2019
2022 2020 2019
2020 2022 2023
2024 2023 2022
2023 2024 2025
2026 2025 2024
2025 2026 2027
2022 2028 2024
2028 2022 2029
2019 2029 2022
2029 2019 2021
2024 2030 2026
2030 2024 2028
2031 2026 2030
2026 2031 2032
2026 2032 2027
2021 2033 2029
2033 2021 2034
2021 2035 2034
2035 2036 2034
2036 2037 2034
2037 2036 2038
2038 2039 2037
2039 2038 2040
2040 2041 2039
2041 2040 2042
2043 2041 2042
2041 2043 2044
2045 2044 2043
2030 2046 2031
2047 2031 2046
2031 2047 2048
2031 2048 2032
2049 2048 2047
2048 2049 2050
2049 2051 2050
2052 2045 2053
2045 2052 2054
2055 2045 2054
2053 2056 2052
2056 2053 2057
2046 2030 2058
2028 2058 2030
2058 2028 2059
2029 2059 2028
2059 2029 2033
2060 2061 2062
2061 2060 2063
2062 2064 2060
2064 2062 2065
2065 2066 2064
2063 2067 2061
2067 2063 2068
2068 2069 2067
2069 2068 2070
2070 2071 2069
2071 2070 2072
2073 2071 2072
2071 2073 2074
2075 2074 2073
2076 2077 2078
2078 2077 2079
2079 2080 2078
2081 2080 2079
2079 2082 2081
2082 2079 2083
2077 2083 2079
2084 2081 2082
2081 2084 2085
2080 2081 2086
2085 2086 2081
2086 2085 2087
2088 2087 2085
2087 2088 2089
2090 2089 2088
2089 2090 2091
2092 2091 2090
2090 2093 2092
2093 2090 2094
2088 2094 2090
2091 2092 2095
2094 2088 2096
2085 2096 2088
2096 2085 2084
2097 2095 2092
2095 2097 2098
2099 2098 2097
2100 2099 2097
2092 2100 2097
2100 2092 2093
2096 2101 2094
2101 2096 2102
2096 2103 2102
2103 2096 2084
2084 2104 2103
2104 2084 2082
2083 2104 2082
2104 2083 2105
2106 2094 2101
2094 2106 2093
2093 2107 2100
2107 2093 2106
2100 2107 2099
1665 2108 1667
2108 1665 2109
1665 2110 2109
2110 1665 1666
2109 2111 2108
2110 2111 2109
1636 1641 2112
1637 1636 2112
1890 2113 1893
2113 1890 1888
2113 1896 1893
1896 2113 2114
1888 2115 2113
2115 2114 2113
2115 1888 1886
2114 2115 2116
1886 1865 2115
1865 2116 2115
1865 1886 1863
2116 1865 1867
2117 2118 2119
2118 2117 2120
2120 2121 2118
2121 2120 2122
2122 2123 2121
2123 2122 2124
2125 2123 2124
2123 2125 2126
2127 2126 2125
2126 2128 2123
2128 2126 2129
2130 2129 2126
2129 2130 2131
2123 2132 2121
2132 2118 2121
2123 2128 2132
2118 2132 2133
2133 2119 2118
2132 2134 2133
2135 2133 2134
2134 2132 2136
2137 2136 2132
2128 2137 2132
2129 2137 2128
2137 2129 2138
2131 2138 2129
2138 2131 2139
2139 2131 2140
2131 2141 2140
2131 2130 2141
2142 2140 2141
2143 2142 2141
2144 2134 2136
2145 2144 2135
2143 2146 2147
2143 2148 2146
2149 2150 2135
2151 2135 2150
2152 2153 2150
2150 2154 2155
2156 2157 2158
2157 2156 2159
2160 2159 2156
2159 2160 2161
2161 2160 2162
2163 2156 2158
2156 2163 2164
2165 2162 2160
2165 2156 2164
2156 2165 2160
2162 2165 2166
2167 2164 2163
2164 2167 2168
2166 2169 2162
2170 2171 2172
2171 2170 2173
2174 2173 2170
2171 2175 2172
2175 2171 2176
2177 2175 2176
2178 2179 2180
2179 2178 2181
1882 2182 2183
2182 1882 1885
2183 1881 1882
1881 2183 2184
2184 1875 1881
1875 2184 2185
1885 2186 2182
2186 1885 1887
1887 2187 2186
2187 1887 1889
1889 2188 2187
2188 1889 1891
1905 2188 1891
2189 2185 2190
2189 2190 2191
2185 2189 2192
2193 2194 2195
2194 2193 2196
2197 2196 2193
2196 2197 2198
2199 2198 2197
2198 2199 2200
2201 2200 2199
2200 2201 2202
2202 2201 2203
2204 2195 2194
2195 2204 2205
2206 2205 2204
2205 2206 2207
2208 2207 2206
2207 2208 2209
2210 2209 2208
2209 2210 2211
2212 2211 2210
2211 2212 2213
2214 2213 2212
2213 2214 2215
2216 2215 2214
2215 2216 2217
2218 2217 2216
2217 2218 2219
2220 2219 2218
2219 2220 2221
2222 2221 2220
2221 2222 2223
2224 2225 2226
2227 2226 2225
2226 2227 2228
2229 2228 2227
2228 2229 2230
2231 2230 2229
2230 2231 2232
2233 2232 2231
2232 2233 2234
2235 2234 2233
2234 2235 2236
2237 2236 2235
2236 2237 2238
2239 2238 2237
2238 2239 2240
2241 2240 2239
2240 2241 2242
2243 2242 2241
2242 2243 2244
2245 2244 2243
2244 2245 2246
2247 2246 2245
2246 2247 2248
2249 2248 2247
2248 2249 2250
2251 2250 2249
2250 2251 2252
2253 2252 2254
2252 2253 2255
2256 2255 2253
2255 2256 2257
2258 2257 2256
2257 2258 2259
2260 2258 2256
2258 2260 2261
2262 2261 2260
2260 2263 2262
2263 2260 2264
2256 2264 2260
2264 2256 2253
2264 2265 2263
2265 2264 2266
2267 2265 2266
2265 2267 2268
2267 2269 2268
2269 2267 2270
2270 2271 2269
2271 2270 2272
2272 2273 2271
2273 2272 2274
2274 2275 2273
2275 2274 2276
2276 2277 2275
2277 2276 2278
2278 2279 2277
2279 2278 2280
2280 2281 2279
2281 2280 2282
2282 2283 2281
2283 2282 2284
2283 2284 2285
2267 2286 2270
2286 2267 2287
2266 2287 2267
2287 2266 2288
2264 2288 2266
2288 2264 2253
2289 2270 2286
2270 2289 2290
2291 2290 2289
2290 2291 2292
2293 2292 2291
2292 2293 2294
2295 2294 2293
2294 2295 2296
2297 2296 2295
2296 2297 2298
2299 2298 2297
2298 2299 2300
2301 2300 2299
2300 2301 2302
2303 2302 2301
2302 2303 2304
2304 2303 2305
2306 2307 2308
2309 2308 2307
2310 2311 2312
2313 2311 2310
2314 2315 2316
2315 2314 2317
2015 2012 2035
2035 2021 2015
1595 2318 2319
2318 1595 1597
2320 2318 1597
2320 1597 1601
1596 1595 2319
2321 1995 2322
2321 2323 1995
2323 2321 2324
2325 2323 2324
2323 2325 2008
2325 2009 2008
2009 2325 2326
2006 2323 2008
2323 2006 2002
1995 2323 2002
2327 2328 2329
2328 2327 2330
2330 2331 2328
2331 2330 2332
2332 2333 2331
2333 2332 2334
2334 2335 2333
2335 2334 2336
2336 2337 2335
2337 2336 2338
2338 2339 2337
2339 2338 2340
2341 2339 2340
2342 2343 2344
2343 2345 2344
2345 2343 2346
2347 2345 2346
2345 2347 2348
2347 2349 2348
2349 2347 2350
2342 2351 2343
2352 2343 2351
2343 2352 2346
2346 2353 2347
2353 2346 2352
2354 2347 2353
2347 2354 2355
2354 2356 2355
2356 2354 2357
2357 2358 2356
2358 2357 2359
2359 2360 2358
2360 2359 2361
2361 2362 2360
2362 2361 2363
2363 2364 2362
2364 2363 2365
2366 2364 2365
2364 2366 2367
2368 2367 2366
2367 2368 2369
2370 2369 2368
2369 2370 2371
2372 2371 2370
2371 2372 2373
2374 2373 2372
2373 2374 2375
2376 2371 2373
2371 2376 2377
2377 2369 2371
2369 2377 2378
2378 2367 2369
2367 2378 2379
2379 2364 2367
2364 2379 2380
2381 2375 2374
2375 2381 2382
2383 2382 2381
2382 2383 2384
2385 2384 2383
2384 2385 2386
2385 2387 2386
2387 2388 2386
2389 2388 2387
2388 2389 2390
2389 2391 2390
2378 2392 2379
2378 2393 2392
2393 2378 2377
2377 2394 2393
2394 2377 2376
2376 2395 2394
2395 2376 2396
2395 2396 2397
2396 2398 2397
2398 2396 2399
2399 2400 2398
2400 2399 2401
2401 2402 2400
2402 2401 2386
2386 2403 2402
2403 2386 2404
2373 2396 2376
2396 2373 2375
2375 2399 2396
2401 2384 2386
2401 2382 2384
2382 2401 2399
2399 2375 2382
2405 2406 2407
2406 2405 2408
2407 2409 2405
2409 2407 2410
2411 2409 2410
2356 2406 2408
2412 2408 2405
2413 2406 2356
2356 2414 2413
2356 2358 2414
2358 2415 2414
2415 2358 2360
2360 2416 2415
2416 2360 2362
2362 2380 2416
2380 2362 2364
2417 2410 2407
2407 2418 2417
2406 2413 2418
2418 2407 2406
2410 2417 2419
2411 2410 2419
2420 2421 2422
2423 2424 2425
2424 2423 2426
2427 2425 2424
2425 2427 2428
2261 2262 2429
2430 2431 2432
2433 2434 2432
2435 2436 2437
2435 2438 2436
2439 2435 2437
2439 2440 2435
2441 2436 2438
2436 2441 2442
2443 2442 2441
2442 2443 2444
2445 2444 2443
2445 2446 2444
2446 2445 2447
1736 1707 1705
1705 1734 1736
1734 1705 1703
1703 2448 1734
2448 1703 1700
1699 2448 1700
2448 1699 2449
1696 2449 1699
2449 1696 1695
2450 2451 2452
2453 2454 2455
1509 1491 1484
1484 1488 1509
2456 1941 1950
1941 2456 1951
1957 1951 2456
2457 2458 2459
2458 2460 2459
2460 2458 2461
2462 2461 2458
2461 2462 2463
2464 2463 2462
2465 2464 2462
2458 2465 2462
2465 2458 2457
2463 2464 2466
2467 2466 2464
2464 2465 2468
2464 2468 2469
2467 2464 2469
2469 2470 2467
2471 2469 2468
2469 2471 2472
2472 2470 2469
2471 2473 2472
2473 2471 2474
2474 2475 2473
2475 2474 2476
2473 2477 2472
2470 2472 2477
2478 2473 2475
2478 2477 2473
2479 2478 2475
2479 2475 2476
2479 2480 2478
2477 2478 2480
2470 2477 2481
2482 2481 2477
2480 2482 2477
2470 2483 2467
2483 2470 2481
2484 2467 2483
2467 2484 2466
2485 2466 2484
2466 2485 2463
2486 2463 2485
2463 2486 2461
2460 2461 2486
2487 2488 2489
2489 2488 2490
2490 2488 2491
2492 2490 2491
2493 2494 2495
2494 2493 2496
2497 2495 2494
2495 2497 2498
2499 2498 2497
2498 2499 2500
2501 2500 2499
2500 2501 2502
2503 2502 2501
2502 2503 2504
2504 2503 2505
2495 2506 2493
2506 2495 2507
2498 2507 2495
2507 2498 2508
2508 2498 2500
2509 2510 2511
2510 2509 2512
2511 2513 2509
2513 2511 2514
2514 2515 2513
2515 2514 2516
2517 2515 2516
2515 2517 2518
2519 2520 2521
2520 2522 2521
2521 2522 2523
2521 2523 2524
2524 2525 2521
2526 2521 2525
2521 2526 2527
2527 2519 2521
2527 2528 2519
2529 2525 2524
2530 2525 2529
2525 2530 2526
2529 2531 2530
2531 2529 2532
2533 2532 2529
2533 2529 2524
2527 2534 2528
2534 2527 2535
2533 2536 2532
2536 2533 2537
2537 2538 2536
2538 2537 2539
2539 2540 2538
2540 2539 2541
2541 2542 2540
2542 2541 2543
2543 2544 2542
2544 2543 2545
2545 2546 2544
2546 2545 2547
2548 2542 2544
2542 2548 2549
2549 2540 2542
2550 2544 2546
2544 2550 2548
2551 2548 2550
2548 2551 2552
2548 2552 2549
2540 2549 2553
2553 2538 2540
2538 2553 2554
2550 2555 2551
2555 2550 2556
2546 2556 2550
2556 2557 2555
2557 2556 2558
2559 2558 2556
2556 2546 2559
2547 2559 2546
2558 2559 2560
2559 2561 2560
2561 2559 2562
2559 2547 2562
2558 2563 2557
2563 2558 2564
2560 2564 2558
2564 2560 2565
2560 2566 2565
2566 2560 2561
2566 2567 2565
2567 2566 2568
2568 2569 2567
2569 2568 2570
2571 2567 2569
2567 2571 2572
2565 2572 2564
2572 2565 2567
2573 2572 2571
2572 2573 2574
2574 2564 2572
2564 2574 2563
2573 2575 2574
2575 2573 2576
2574 2577 2563
2577 2574 2575
2569 2578 2571
2578 2569 2579
2570 2579 2569
2580 2578 2579
2578 2580 2581
2582 2581 2580
2581 2582 2583
2584 2583 2582
2585 2584 2582
2580 2585 2582
2585 2580 2586
2579 2586 2580
2583 2587 2581
2587 2578 2581
2587 2583 2588
2589 2588 2583
2590 2587 2588
2588 2591 2590
2587 2590 2592
2586 2579 2593
2594 2587 2592
2587 2594 2595
2576 2595 2594
2578 2587 2596
2596 2576 2573
2596 2571 2578
2571 2597 2573
2579 2570 2593
2598 2599 2600
2599 2598 2601
2600 2602 2598
2602 2600 2603
2602 2604 2598
2602 2605 2604
2605 2602 2606
2603 2606 2602
2606 2603 2607
2606 2608 2605
2608 2606 2609
2609 2610 2608
2610 2609 2611
2610 2611 2612
2609 2606 2613
2613 2611 2609
2613 2606 2607
2614 2613 2607
2614 2615 2613
2611 2613 2615
2615 2612 2611
2615 2614 2616
2616 2617 2615
2612 2615 2617
2617 2616 2618
2618 2619 2617
2619 2618 2620
2617 2621 2612
2621 2617 2619
2620 2622 2619
2622 2620 2623
2624 2622 2623
2622 2624 2625
2626 2622 2625
2622 2626 2627
2619 2627 2621
2627 2619 2622
2628 2626 2625
2626 2628 2629
2630 2629 2628
2629 2630 2631
2632 2631 2630
2632 2630 2633
2628 2633 2630
2631 2632 2634
2635 2634 2632
2634 2635 2636
2637 2636 2635
2636 2637 2638
2639 2638 2637
2638 2639 2640
2641 2640 2639
2640 2641 2642
2633 2628 2643
2625 2643 2628
2643 2625 2624
2624 2644 2643
2644 2624 2645
2623 2645 2624
2645 2623 2646
2646 2623 2620
2647 2641 2639
2641 2647 2648
2649 2641 2648
2649 2650 2641
2650 2642 2641
2649 2651 2650
2651 2649 2652
2652 2653 2651
2653 2652 2654
2647 2655 2648
2655 2647 2656
2656 2657 2655
2657 2656 2658
2659 2658 2656
2658 2659 2660
2661 2660 2659
2660 2661 2662
2662 2663 2660
2660 2664 2658
2664 2657 2658
2664 2660 2665
2663 2665 2660
2664 2665 2666
2663 2666 2665
2663 2667 2666
2657 2664 2668
2668 2669 2657
2669 2655 2657
2669 2668 2670
2668 2671 2670
2671 2668 2672
2666 2672 2664
2672 2668 2664
2673 2670 2671
2670 2673 2674
2675 2674 2673
2674 2675 2676
2675 2677 2676
2670 2678 2669
2678 2670 2674
2674 2679 2678
2679 2674 2676
2677 2679 2676
2652 2678 2679
2678 2652 2680
2678 2680 2669
2655 2669 2680
2680 2648 2655
2648 2680 2649
2652 2649 2680
2654 2652 2679
2654 2679 2681
2653 2654 2682
2683 2684 2685
2684 2686 2685
2687 2684 2683
2687 2688 2684
2687 2689 2688
2689 2687 2690
2691 2687 2683
2691 2690 2687
2690 2692 2689
2692 2690 2693
2694 2693 2690
2690 2691 2694
2693 2694 2695
2693 2696 2692
2696 2693 2697
2693 2695 2697
2697 2695 2698
2698 2699 2697
2700 2699 2698
2698 2695 2700
2701 2699 2700
2701 2702 2699
2702 2701 2703
2701 2704 2703
2702 2705 2699
2706 2699 2705
2699 2706 2707
2707 2697 2699
2707 2696 2697
2705 2708 2706
2708 2705 2709
2702 2709 2705
2709 2702 2710
2703 2710 2702
2709 2711 2708
2711 2709 2712
2710 2712 2709
2713 2711 2712
2713 2712 2714
2715 2713 2714
2712 2716 2714
2716 2712 2717
2712 2710 2717
2717 2718 2716
2718 2717 2719
2719 2720 2718
2721 2718 2720
2718 2721 2722
2718 2722 2723
2724 2723 2722
2723 2724 2725
2726 2716 2718
2718 2723 2726
2725 2726 2723
2716 2726 2727
2727 2714 2716
2728 2727 2726
2726 2725 2728
2729 2728 2725
2728 2729 2730
2730 2729 2731
2732 2730 2731
2732 2733 2730
2733 2732 2734
2735 2734 2732
2732 2736 2735
2737 2735 2736
2735 2737 2738
2738 2739 2735
2734 2735 2739
2739 2738 2740
2736 2732 2741
2741 2732 2731
2742 2730 2733
2730 2742 2728
2727 2728 2742
2734 2743 2733
2733 2743 2742
2743 2734 2744
2739 2744 2734
2744 2739 2745
2740 2745 2739
2745 2740 2746
2747 2745 2746
2745 2747 2748
2745 2748 2744
2746 2749 2747
2749 2746 2750
2750 2751 2749
2751 2750 2752
2753 2751 2752
2748 2754 2744
2744 2754 2743
2754 2755 2743
2756 2746 2740
2746 2756 2750
2750 2757 2752
2757 2750 2756
2752 2757 2758
2756 2759 2757
2757 2759 2758
2760 2758 2759
2761 2760 2759
2759 2756 2761
2740 2761 2756
2760 2761 2762
2761 2740 2738
2738 2762 2761
2762 2738 2737
2755 2715 2763
2755 2763 2743
2763 2742 2743
2742 2763 2727
2714 2727 2763
2763 2715 2714
2764 2765 2766
2765 2764 2767
2765 2768 2766
2768 2765 2769
2769 2770 2768
2764 2771 2767
2771 2764 2772
2772 2773 2771
2773 2772 2774
2774 2775 2773
2775 2774 2776
2776 2777 2775
2777 2776 2778
2778 2779 2777
2779 2778 2780
2780 2781 2779
2781 2780 2782
2780 2778 2783
2783 2782 2780
2782 2783 2784
2785 2782 2784
2782 2785 2786
2787 2786 2785
2788 2786 2787
2789 2786 2788
2788 2790 2789
2790 2788 2791
2788 2792 2791
2788 2787 2792
2793 2790 2791
2791 2794 2793
2794 2791 2795
2792 2795 2791
2790 2793 2796
2786 2789 2797
2797 2782 2786
2782 2797 2781
2798 1816 2799
1820 1816 2798
2800 1818 2799
1819 1820 2801
2801 1822 1819
1822 2801 1825
2802 2803 2804
2802 2805 2803
2806 2803 2805
2667 2806 2805
2667 2663 2806
2807 2803 2806
2807 2808 2803
2808 2804 2803
2808 2809 2804
2810 2804 2809
2804 2810 2811
2809 2812 2810
2812 2809 2813
2808 2813 2809
2813 2814 2812
2814 2813 2815
2815 2633 2814
2816 2815 2813
2813 2808 2816
2807 2816 2808
2815 2816 2817
2806 2662 2807
2806 2663 2662
2662 2818 2807
2818 2817 2816
2816 2807 2818
2818 2662 2661
2661 2819 2818
2817 2818 2819
2819 2635 2817
2815 2817 2635
2635 2819 2637
2820 2637 2819
2819 2661 2820
2821 2637 2820
2637 2821 2639
2639 2821 2647
2632 2815 2635
2815 2632 2633
2659 2820 2661
2820 2659 2821
2656 2821 2659
2821 2656 2647
2643 2814 2633
2814 2643 2644
2644 2812 2814
2812 2644 2822
2822 2810 2812
2810 2822 2823
2824 2823 2822
2824 2825 2823
2825 2810 2823
2645 2824 2822
2645 2822 2644
2824 2645 2646
2810 2825 2811
2804 2811 2826
2802 2804 2826
2827 2802 2826
2826 2828 2827
2828 2829 2827
2830 2831 2832
2832 2831 2833
2834 2832 2833
2834 2833 2835
2836 2834 2835
2836 2837 2834
2838 2837 2836
2838 2839 2837
2839 2838 2840
2841 2839 2840
2842 2841 2840
2843 2842 2840
2842 2843 2844
2845 2842 2844
2842 2845 2846
2843 2847 2844
2847 2845 2844
2847 2843 2848
2848 2849 2847
2849 2850 2847
2845 2847 2850
2850 2849 2851
2849 2848 2852
2853 2852 2848
2843 2853 2848
2852 2853 2854
2853 2855 2854
2855 2853 2856
2857 2849 2852
2857 2852 2854
2857 2854 2855
2849 2857 2851
2853 2843 2858
2858 2856 2853
2856 2858 2859
2845 2860 2846
2861 2860 2845
2860 2861 2862
2863 2860 2862
2860 2863 2864
2861 2865 2862
2862 2866 2863
2865 2866 2862
2860 2864 2867
2846 2860 2867
2859 2858 2838
2858 2840 2838
2840 2858 2843
2838 2836 2859
2867 2868 2846
2868 2842 2846
2869 2870 2831
2830 2869 2831
2869 2830 2871
2872 2869 2871
2870 2833 2831
2873 2830 2832
2874 2873 2832
2873 2874 2875
2876 2873 2875
2877 2873 2876
2874 2832 2834
2876 2875 2839
2875 2837 2839
2837 2875 2874
2837 2874 2834
2878 2879 2880
2879 2878 2881
2878 2882 2881
2882 2878 2883
2883 2878 2884
2880 2884 2878
2884 2880 2885
2886 2885 2880
2886 2880 2879
2886 2879 2887
2886 2888 2885
2889 2888 2886
2886 2887 2889
2888 2889 2890
2890 2891 2888
2891 2890 2892
2891 2893 2888
2885 2893 2884
2888 2893 2885
2884 2893 2894
2895 2884 2894
2883 2884 2895
2894 2893 2896
2896 2893 2891
2890 2897 2892
2898 2892 2897
2899 2897 2890
2890 2900 2899
2889 2900 2890
2897 2899 2901
2901 2902 2897
2902 2901 2903
2903 2904 2902
2904 2903 2905
2905 2906 2904
2906 2905 2907
2907 2908 2906
2908 2907 2909
2910 2908 2909
2911 2912 2898
2912 2911 2913
2912 2913 2914
2912 2914 2896
2912 2896 2891
2892 2912 2891
2912 2892 2898
2911 2915 2913
2916 2915 2911
2915 2916 2917
2916 2918 2917
2919 2915 2917
2920 2919 2917
2918 2920 2917
2920 2921 2919
2922 2919 2921
2919 2922 2923
2915 2919 2923
2923 2913 2915
2724 2924 2925
2924 2724 2926
2927 2925 2924
2925 2927 2928
2929 2925 2928
2930 2928 2927
2928 2930 2931
2932 2928 2931
2932 2929 2928
2933 2931 2930
2931 2933 2934
2934 2932 2931
2932 2934 2935
2936 2935 2934
2930 2937 2933
2937 2938 2933
2938 2934 2933
2938 2937 2939
2937 2940 2939
2940 2937 2941
2937 2930 2941
2927 2941 2930
2941 2942 2940
2942 2941 2943
2943 2944 2942
2944 2943 2945
2945 2946 2944
2946 2945 2947
2941 2927 2943
2924 2943 2927
2943 2924 2945
2926 2945 2924
2945 2926 2947
2947 2948 2946
2948 2947 2949
2949 2950 2948
2950 2949 2951
2951 2952 2950
2952 2951 2719
2721 2951 2949
2721 2947 2926
2947 2721 2949
2951 2721 2720
2719 2951 2720
2926 2722 2721
2722 2926 2724
2719 2953 2952
2953 2719 2954
2717 2954 2719
2954 2717 2710
2954 2704 2953
2704 2954 2703
2710 2703 2954
2925 2725 2724
2725 2925 2955
2929 2955 2925
2956 2957 2958
2957 2959 2958
2959 2957 2960
2960 2961 2959
2961 2960 2962
2962 2963 2961
2963 2962 2964
2965 2966 2967
2966 2965 2968
2966 2969 2967
2965 2970 2968
2970 2971 2968
2965 2972 2970
2970 2972 2973
2973 2972 2974
2975 2976 2977
2976 2975 2978
2978 2979 2976
2979 2978 2980
2980 2981 2979
2982 2979 2981
2979 2982 2983
2983 2976 2979
2981 2980 2984
2985 2978 2975
2978 2985 2986
2986 2980 2978
2987 2984 2980
2980 2986 2987
2984 2987 2988
2989 2977 2976
2976 2983 2989
2977 2989 2990
2881 2990 2989
2990 2881 2882
2989 2879 2881
2879 2989 2983
2887 2879 2983
2887 2983 2982
2882 2991 2990
2991 2882 2992
2882 2993 2992
2993 2882 2883
2883 2994 2993
2994 2883 2995
2995 2996 2994
2996 2995 2997
2998 2997 2995
2997 2998 2999
2999 3000 2997
3000 2999 3001
3002 3000 3001
3000 3002 3003
3004 3003 3002
3003 3004 3005
3006 3005 3004
3005 3006 3007
3007 3006 3008
2997 3009 2996
3009 2997 3000
3000 3010 3009
3010 3000 3003
3005 3010 3003
3010 3005 3011
3007 3011 3005
3011 3007 3012
3012 3007 3008
2995 3013 2998
3013 2995 2883
3013 2883 3014
2554 2536 2538
2536 2554 3015
3015 2532 2536
2532 3015 2531
2531 3016 2530
3016 2526 2530
2526 3016 3017
3017 2527 2526
2527 3017 2535
3018 3019 3020
3019 3018 3021
3018 3022 3021
3022 3018 3023
3024 3022 3023
3022 3024 3025
3026 3025 3024
3025 3026 3027
3019 3028 3020
3028 3019 3029
3030 3028 3029
3031 3027 3026
3027 3031 3032
3033 3032 3031
3032 3033 3034
3034 3033 3035
3035 3036 3034
3036 3035 3037
3038 3036 3037
3036 3038 3039
3040 3039 3038
3039 3040 3041
3042 3041 3040
3041 3042 3043
3042 3044 3043
3044 3042 3045
3045 3046 3044
3046 3045 3047
3048 3046 3047
3031 2990 2991
2990 3031 2977
3026 2977 3031
3026 2975 2977
2975 3026 3024
3023 2975 3024
2975 3023 2985
3049 2563 2577
2563 3049 2557
2900 2889 3050
2889 3051 3050
3051 2889 2887
3051 2887 2982
2601 3052 2599
3053 3054 3055
3054 3053 3056
3057 3055 3054
3055 3057 3058
3059 3055 3058
3055 3059 3060
3060 3053 3055
3053 3060 3061
3062 3059 3058
3059 3062 3063
3064 3058 3057
3058 3064 3062
3065 3062 3064
3062 3065 3066
3066 3063 3062
3061 3067 3053
3067 3056 3053
3067 3061 3068
3056 3067 3069
3069 3070 3056
3070 3069 3071
3068 3072 3067
3072 3069 3067
3072 3068 3073
3073 3074 3072
3074 3073 3075
3075 3076 3074
3076 3075 3077
3078 3077 3075
3077 3078 3079
3076 3080 3074
3080 3076 3081
3081 3082 3080
3082 3081 3083
3074 3084 3072
3084 3074 3080
3069 3072 3084
3084 3071 3069
3080 3085 3084
3085 3080 3082
3071 3084 3085
3086 3075 3073
3075 3086 3078
3073 3087 3086
3087 3073 3068
3088 3081 3076
3081 3088 3089
3089 3083 3081
3083 3089 3090
3079 3091 3077
3091 3079 3092
3089 3088 3093
3093 3090 3089
3088 3094 3093
3091 3092 3094
3088 3091 3094
3090 3093 3095
3096 3086 3087
3087 3097 3096
3097 3087 3098
3068 3098 3087
3098 3099 3097
3099 3098 3100
3100 3101 3099
3101 3100 3102
3103 3101 3102
3102 3104 3103
3104 3105 3103
3105 3104 3106
3059 3104 3102
3104 3059 3063
3063 3107 3104
3107 3106 3104
3107 3108 3106
3102 3060 3059
3060 3102 3100
3109 3105 3106
3108 3109 3106
3110 3109 3108
3111 3110 3108
3107 3111 3108
3111 3107 3066
3063 3066 3107
3066 3112 3111
3113 3111 3112
3112 3114 3113
3114 3115 3113
3115 3114 3116
3116 3117 3115
3117 3116 3118
3118 3119 3117
3119 3118 3120
3120 3121 3119
3114 3112 3122
3065 3122 3112
3112 3066 3065
3122 3065 3123
3064 3123 3065
3123 3064 3124
3057 3124 3064
3124 3057 3125
3054 3125 3057
3125 3054 3126
3056 3126 3054
3126 3056 3070
3121 3127 3119
3128 3127 3121
3128 3129 3127
3129 3128 3130
3130 3131 3129
3131 3130 3132
3132 3133 3131
3117 3127 3129
3127 3117 3119
3129 3115 3117
3115 3129 3131
3131 3113 3115
3113 3131 3133
3111 3113 3133
3132 3110 3133
3111 3133 3110
3134 3135 3136
3136 3137 3134
3137 3136 3138
3139 3135 3134
3135 3139 3140
3134 3141 3139
3141 3134 3137
3137 3142 3141
3138 3142 3137
3142 3138 3143
3143 3144 3142
3144 3143 3145
3145 3146 3144
3140 3147 3135
3147 3140 3148
3148 3149 3147
3147 3149 3150
3149 3148 3151
3151 3152 3149
3152 3151 3153
3153 3154 3152
3154 3153 3155
3155 3156 3154
3156 3155 3157
3157 3158 3156
3159 3156 3158
3156 3159 3160
3160 3154 3156
3161 3160 3159
3160 3161 3162
3161 3163 3162
3163 3161 3164
3165 3164 3161
3159 3165 3161
3164 3165 3166
3167 3166 3165
3168 3167 3165
3165 3159 3168
3167 3168 3169
3166 3167 3170
3169 3171 3167
3171 3170 3167
3171 3169 3172
3173 3159 3158
3173 3168 3159
3173 3169 3168
3172 3174 3171
3174 3172 3175
3174 3175 3176
3170 3171 3177
3174 3177 3171
3178 3174 3176
3177 3174 3179
3178 3179 3174
3180 3173 3158
3158 3181 3180
3158 3157 3181
3181 3182 3180
3182 3183 3180
3184 3185 3186
3187 3185 3184
3135 3187 3184
3187 3135 3147
3150 3187 3147
3135 3184 3136
3188 3187 3150
3188 3189 3187
3187 3189 3185
3190 3189 3188
3189 3190 3191
3189 3192 3185
3192 3189 3191
3190 3193 3191
3193 3190 3194
3195 3191 3193
3191 3195 3192
3195 3196 3192
3196 3195 3197
3197 3198 3196
3198 3197 3199
3199 3200 3198
3200 3199 3201
3202 3200 3201
3200 3202 3203
3200 3203 3204
3205 3200 3204
3200 3205 3206
3203 3207 3204
3203 3202 3207
3206 3205 3208
3207 3209 3204
3205 3210 3208
3205 3211 3210
3211 3205 3212
3210 3192 3208
3185 3210 3211
3210 3185 3192
3213 3212 3205
3212 3213 3214
3215 3214 3213
3214 3215 3216
3216 3215 3217
3218 3216 3217
3219 3220 3221
3220 3219 3222
3222 3223 3220
3223 3222 3224
3225 3223 3224
3223 3225 3226
3227 3226 3225
3226 3227 3228
3228 3227 3229
3227 3230 3229
3231 3230 3227
3227 3232 3231
3232 3227 3233
3233 3234 3232
3234 3233 3235
3236 3234 3235
3237 3236 3235
3237 3238 3236
3230 3231 3239
3240 3230 3239
3230 3240 3241
3241 3229 3230
3242 3241 3240
3241 3242 3243
3244 3243 3242
3243 3244 3245
3246 3245 3244
3245 3246 3247
3247 3248 3245
3248 3247 3249
3250 3249 3247
3249 3250 3251
3250 3252 3251
3252 3250 3253
3253 3254 3252
3254 3253 3255
3255 3256 3254
3256 3255 3257
3258 3256 3257
3255 3259 3257
3260 3257 3259
3260 3258 3257
3259 3255 3261
3253 3261 3255
3261 3253 3262
3250 3262 3253
3262 3250 3263
3247 3263 3250
3263 3247 3246
3264 3258 3260
3258 3264 3265
3264 3266 3265
3266 3264 3267
3268 3267 3264
3264 3269 3268
3269 3270 3268
3270 3269 3271
3269 3272 3271
3272 3269 3273
3274 3272 3273
3272 3274 3275
3274 3276 3275
3276 3274 3277
3277 3278 3276
3278 3277 3279
3279 3280 3278
3280 3279 3281
3281 3282 3280
3282 3281 3283
3283 3284 3282
3284 3283 3285
3285 3286 3284
3286 3285 3287
3288 3287 3285
3283 3288 3285
3287 3288 3289
3289 3290 3287
3290 3289 3291
3291 3292 3290
3292 3291 3293
3293 3294 3292
3294 3293 3295
3296 3294 3295
3294 3296 3297
3298 3297 3296
3297 3298 3299
3299 3298 3300
3287 3301 3286
3301 3287 3290
3302 3290 3292
3290 3302 3301
3292 3303 3302
3303 3292 3294
3304 3294 3297
3294 3304 3303
3299 3304 3297
3304 3299 3305
3305 3299 3300
3306 3307 3308
3307 3306 3309
3310 3308 3307
3308 3310 3311
3312 3311 3310
3311 3312 3313
3314 3313 3312
3313 3314 3315
3316 3315 3314
3315 3316 3317
3318 3317 3316
3317 3318 3319
3318 3320 3319
3321 3307 3309
3307 3321 3322
3323 3322 3321
3322 3323 3324
3152 3324 3323
3324 3152 3154
3323 3149 3152
3149 3323 3150
3321 3150 3323
3150 3321 3188
3309 3188 3321
3188 3309 3190
3309 3194 3190
3194 3309 3306
3154 3160 3324
3324 3162 3322
3162 3324 3160
3162 3307 3322
3307 3162 3163
3325 3326 3327
3328 3327 3326
3326 3329 3330
3329 3331 3330
3086 3096 3332
3332 3333 3086
3333 3332 3334
3334 3335 3333
3335 3334 3336
3335 3336 3337
3229 3241 3338
3243 3338 3241
3338 3243 3339
3245 3339 3243
3339 3245 3248
3098 3068 3061
3061 3100 3098
3100 3061 3060
3340 3273 3269
3273 3340 3341
3341 3274 3273
3274 3341 3342
3342 3277 3274
3277 3342 3343
3344 3277 3343
3277 3344 3279
3345 3279 3344
3279 3345 3281
3346 3281 3345
3281 3346 3283
3288 3283 3346
3269 3264 3340
3347 3348 3349
3348 3350 3349
3267 3268 3351
3270 3351 3268
3351 3270 3352
3352 3353 3351
3353 3352 3354
3355 3351 3353
3351 3355 3267
3355 3266 3267
3266 3355 3356
3356 3357 3266
3358 3266 3357
3266 3358 3265
3359 3265 3358
3265 3359 3258
3256 3258 3359
3360 3256 3359
3357 3356 3361
3355 3362 3356
3362 3361 3356
3361 3362 3363
3091 3076 3077
3076 3091 3088
3364 3365 3366
3365 3364 3367
3366 3368 3364
3368 3366 3369
3367 3370 3365
3370 3367 3371
3369 3372 3368
3372 3369 3373
3373 3374 3372
3374 3373 3375
3375 3376 3374
3376 3375 3377
3377 3378 3376
3378 3377 3379
3379 3380 3378
3380 3379 3381
3371 3382 3370
3382 3371 3383
3384 3376 3378
3384 3378 3380
3385 3384 3380
3384 3385 3386
3380 3387 3385
3387 3380 3388
3381 3388 3380
3386 3389 3384
3376 3384 3389
3389 3386 3390
3391 3389 3390
3389 3391 3392
3393 3392 3391
3392 3393 3394
3395 3394 3393
3394 3395 3396
3395 3397 3396
3397 3395 3398
3388 3399 3387
3399 3388 3400
3401 3399 3400
3392 3376 3389
3376 3392 3374
3394 3374 3392
3374 3394 3372
3394 3368 3372
3368 3394 3396
3396 3364 3368
3364 3396 3397
3397 3367 3364
3367 3397 3402
3398 3402 3397
3402 3371 3367
3371 3402 3403
3403 3383 3371
3383 3403 3404
3405 3383 3404
3404 3406 3405
3405 3406 3407
3406 3404 3408
3383 3405 3409
3410 3409 3405
3410 3405 3407
3410 3411 3409
3411 3383 3409
3411 3410 3412
3407 3413 3410
3413 3412 3410
3413 3407 3414
3412 3413 3415
3414 3416 3413
3416 3415 3413
3416 3414 3417
3417 3418 3416
3418 3417 3419
3418 3420 3416
3415 3416 3420
3420 3418 3421
3418 3422 3421
3423 3418 3419
3383 3411 3382
3404 3403 3424
3425 3424 3403
3402 3425 3403
3402 3398 3425
3398 3426 3425
3426 3398 3427
3395 3427 3398
3427 3395 3428
3393 3428 3395
3428 3393 3429
3391 3429 3393
3429 3391 3430
3431 3430 3391
3430 3431 3432
3433 3432 3431
3434 3425 3426
3425 3434 3424
3435 3424 3434
3424 3435 3408
3436 3408 3435
3408 3436 3406
3437 3406 3436
3406 3437 3438
3437 3439 3438
3439 3437 3440
3440 3441 3439
3441 3440 3442
3442 3443 3441
3443 3442 3444
3445 3443 3444
3408 3404 3424
3446 3447 3448
3447 3449 3448
3449 3447 3450
3450 3451 3449
3451 3450 3452
3452 3453 3451
3453 3452 3454
3454 3455 3453
3455 3454 3456
3456 3457 3455
3457 3456 3458
3459 3457 3458
3457 3459 3460
3461 3460 3459
3460 3461 3462
3463 3462 3461
3462 3463 3464
3465 3464 3463
3464 3465 3466
3467 3466 3465
3466 3467 3468
3467 3469 3468
3469 3467 3470
3470 3471 3469
3471 3470 3472
3473 3471 3472
3474 3473 3472
3471 3473 3475
3476 3475 3473
3475 3476 3477
3385 3478 3386
3432 3386 3478
3479 3401 3400
3400 3388 3480
3388 3381 3480
3481 3400 3480
3482 3400 3481
3483 3482 3481
3484 3485 3486
3485 3484 3487
3488 3484 3486
3484 3488 3489
3490 3489 3488
3489 3490 3491
3492 3491 3490
3491 3492 3493
3487 3494 3485
3494 3487 3495
3496 3494 3495
3494 3496 3497
3498 3493 3492
3493 3498 3499
3500 3499 3498
3499 3500 3501
3502 3501 3500
3501 3502 3503
3504 3503 3502
3503 3504 3505
3504 3506 3505
3506 3504 3507
3508 3506 3507
3506 3508 3509
3510 3509 3508
3509 3510 3511
3512 3511 3510
3511 3512 3513
3500 3514 3502
3514 3504 3502
3514 3500 3515
3515 3516 3514
3516 3515 3517
3515 3518 3517
3518 3515 3519
3516 3520 3514
3520 3516 3521
3521 3522 3520
3507 3520 3522
3522 3521 3523
3524 3522 3523
3522 3524 3525
3519 3526 3518
3526 3519 3527
3515 3498 3519
3498 3515 3500
3528 3525 3524
3525 3528 3529
3530 3529 3528
3529 3530 3531
3532 3531 3530
3531 3532 3533
3534 3533 3532
3533 3534 3535
3536 3533 3535
3533 3536 3537
3538 3536 3535
3538 3535 3534
3512 3533 3537
3533 3512 3531
3510 3531 3512
3531 3510 3529
3508 3529 3510
3529 3508 3525
3507 3525 3508
3525 3507 3522
3539 3513 3512
3513 3539 3540
3541 3540 3539
3540 3541 3542
3543 3542 3541
3512 3544 3539
3544 3545 3539
3545 3544 3546
3547 3545 3546
3520 3507 3504
3504 3514 3520
3548 3549 3550
3549 3551 3550
3551 3549 3552
3552 3553 3551
3553 3552 3554
3554 3555 3553
3556 3555 3554
3557 3555 3556
3558 3555 3557
3558 3557 3559
3558 3559 3560
3561 3555 3558
3559 3562 3560
3558 3563 3561
3563 3558 3564
3565 3563 3564
3566 3567 3568
3569 3566 3568
3568 3570 3569
3570 3568 3571
3572 3570 3571
3570 3572 3573
3569 3574 3566
3575 3573 3572
3573 3575 3576
3575 3577 3576
3578 3492 3490
3492 3578 3527
3490 3579 3578
3579 3490 3488
3488 3580 3579
3580 3488 3486
3580 3486 3485
3519 3492 3527
3492 3519 3498
3581 3527 3578
3527 3581 3526
3578 3582 3581
3582 3578 3579
3579 3583 3582
3583 3579 3580
3584 3583 3580
3584 3580 3485
3485 3585 3584
3585 3485 3494
3494 3586 3585
3586 3494 3497
3497 3587 3586
3587 3497 3588
3496 3588 3497
3588 3496 3589
3590 3591 3592
3591 3590 3593
3590 3594 3593
3594 3590 3595
3595 3596 3594
3596 3595 3597
3597 3598 3596
3598 3597 3599
3600 3592 3591
3592 3600 3601
3600 3602 3601
3602 3600 3603
3599 3604 3598
3604 3599 3605
3605 3606 3604
3606 3605 3607
3607 3608 3606
3608 3607 3609
3609 3610 3608
3610 3609 3611
3612 3610 3611
3610 3612 3613
3612 3614 3613
3614 3612 3615
3615 3616 3614
3616 3615 3617
3617 3618 3616
3618 3617 3619
3620 3606 3608
3610 3620 3608
3606 3620 3621
3622 3621 3620
3621 3622 3623
3624 3621 3623
3621 3624 3625
3626 3622 3620
3622 3626 3627
3628 3627 3626
3626 3613 3628
3627 3628 3629
3628 3630 3629
3630 3628 3631
3632 3625 3624
3625 3632 3633
3604 3621 3625
3621 3604 3606
3631 3634 3630
3634 3631 3635
3635 3636 3634
3636 3635 3637
3637 3638 3636
3638 3637 3639
3639 3640 3638
3640 3639 3641
3639 3642 3641
3642 3639 3643
3644 3641 3642
3644 3640 3641
3639 3618 3643
3618 3639 3637
3637 3616 3618
3616 3637 3635
3635 3614 3616
3614 3635 3631
3631 3613 3614
3613 3631 3628
3619 3645 3618
3645 3619 3646
3646 3647 3645
3647 3646 3648
3649 3647 3648
3618 3645 3650
3651 3650 3645
3650 3651 3652
3653 3652 3651
3613 3626 3610
3620 3610 3626
3654 3655 3656
3657 3656 3655
3656 3657 3658
3659 3658 3657
3658 3659 3660
3661 3660 3659
3661 3662 3660
3663 3662 3661
3661 3664 3663
3663 3664 3665
3665 3664 3666
3667 3664 3661
3665 3666 3668
3664 3667 3669
3669 3670 3664
3671 3670 3669
3672 3673 3674
3675 3673 3672
3676 3673 3675
3673 3676 3677
3676 3678 3677
3678 3676 3679
3675 3672 3680
3679 3681 3678
3681 3679 3682
3681 3682 3683
3598 3684 3596
3684 3598 3633
3685 3596 3684
3596 3685 3594
3686 3594 3685
3594 3686 3593
3598 3625 3633
3625 3598 3604
3633 3687 3684
3687 3633 3632
3684 3688 3685
3688 3684 3687
3689 3685 3688
3685 3689 3686
3690 3686 3689
3690 3591 3686
3591 3593 3686
3691 3591 3690
3591 3691 3600
3692 3600 3691
3600 3692 3603
3693 3603 3692
3603 3693 3694
3694 3602 3603
3602 3694 3695
3696 3697 3698
3697 3696 3699
3700 3696 3698
3701 3698 3697
3698 3701 3702
3700 3698 3703
3698 3702 3703
3703 3704 3700
3704 3703 3705
3706 3704 3705
3697 3707 3701
3707 3697 3708
3699 3708 3697
3708 3709 3707
3709 3708 3710
3710 3711 3709
3711 3710 3712
3713 3712 3710
3714 3711 3712
3712 3715 3714
3716 3714 3715
3714 3716 3717
3715 3712 3718
3711 3714 3719
3714 3720 3719
3714 3717 3720
3721 3719 3720
3708 3722 3710
3708 3723 3722
3724 3717 3716
3717 3724 3725
3726 3725 3724
3725 3726 3727
3728 3727 3726
3727 3728 3729
3729 3730 3727
3730 3729 3731
3732 3731 3729
3731 3732 3733
3732 3734 3733
3735 3729 3728
3729 3735 3732
3735 3736 3732
3737 3727 3730
3727 3737 3725
3717 3725 3737
3738 3726 3724
3724 3739 3738
3726 3738 3740
3740 3728 3726
3728 3740 3741
3742 3728 3741
3728 3742 3735
3735 3742 3743
3731 3744 3730
3745 3730 3744
3730 3745 3746
3746 3745 3747
3739 3724 3716
3716 3748 3739
3748 3716 3715
3715 3749 3748
3749 3715 3750
3712 3751 3750
3749 3752 3753
3752 3749 3754
3753 3755 3756
3757 3756 3755
3756 3757 3758
3759 3753 3760
3761 3762 3763
3762 3761 3764
3765 3763 3762
3763 3765 3766
3766 3767 3763
3767 3766 3768
3769 3764 3761
3764 3769 3770
3771 3770 3769
3770 3771 3772
3769 3773 3771
3773 3769 3774
3769 3761 3774
3775 3772 3771
3774 3776 3773
3777 3776 3774
3777 3763 3767
3776 3777 3778
3767 3778 3777
3778 3779 3776
3780 3776 3779
3776 3780 3781
3781 3773 3776
3779 3778 3782
3767 3782 3778
3773 3781 3783
3783 3771 3773
3771 3783 3775
3784 3775 3783
3775 3784 3785
3785 3786 3775
3775 3786 3772
3761 3777 3774
3787 3781 3780
3781 3787 3788
3788 3783 3781
3783 3788 3784
3789 3788 3787
3788 3789 3790
3790 3784 3788
3791 3790 3789
3790 3791 3792
3793 3792 3791
3792 3793 3794
3795 3794 3793
3794 3795 3796
3797 3796 3795
3796 3797 3798
3797 3799 3798
3799 3797 3800
3800 3801 3799
3802 3799 3801
3801 3803 3802
3803 3801 3804
3804 3805 3803
3806 3803 3805
3805 3807 3806
3807 3808 3806
3808 3809 3806
3803 3806 3809
3809 3802 3803
3809 3808 3810
3807 3805 3811
3812 3811 3805
3805 3804 3812
3811 3812 3813
3799 3802 3814
3815 3814 3802
3810 3815 3809
3802 3809 3815
3814 3815 3816
3816 3817 3814
3817 3816 3818
3818 3819 3817
3819 3818 3820
3821 3820 3818
3820 3821 3822
3823 3816 3815
3815 3810 3823
3816 3823 3824
3818 3824 3821
3824 3818 3816
3812 3825 3813
3825 3812 3826
3812 3827 3826
3827 3812 3804
3804 3828 3827
3828 3804 3801
3801 3800 3828
3796 3817 3819
3819 3794 3796
3794 3819 3829
3820 3829 3819
3829 3792 3794
3792 3829 3830
3831 3830 3829
3830 3831 3832
3831 3833 3832
3829 3820 3831
3831 3822 3833
3822 3831 3820
3834 3792 3830
3832 3834 3830
3792 3834 3790
3834 3832 3835
3784 3790 3834
3834 3785 3784
3785 3834 3835
3817 3796 3798
3798 3814 3817
3814 3798 3799
3836 3837 3838
3837 3836 3839
3840 3839 3836
3839 3840 3841
3842 3841 3840
3841 3842 3843
3840 3844 3842
3844 3840 3845
3840 3846 3845
3846 3840 3836
3847 3836 3838
3836 3847 3846
3848 3847 3838
3849 3842 3844
3842 3849 3850
3843 3842 3850
3851 3843 3850
3839 3852 3837
3852 3853 3837
3852 3839 3854
3854 3839 3841
3843 3855 3841
3855 3854 3841
3856 3838 3837
3708 3699 3857
3858 3859 3710
3768 3860 3861
3860 3768 3766
3765 3860 3766
3862 3768 3861
3768 3862 3767
3782 3767 3862
3763 3777 3761
3863 3864 3865
3864 3866 3865
3866 3864 3867
3867 3868 3866
3868 3867 3869
3869 3870 3868
3870 3869 3871
3871 3872 3870
3872 3871 3873
3874 3873 3871
3875 3872 3873
3875 3876 3872
3876 3875 3877
3877 3878 3876
3878 3877 3879
3880 3878 3879
3878 3880 3881
3882 3881 3880
3881 3882 3883
3880 3884 3882
3884 3880 3885
3879 3885 3880
3885 3879 3886
3877 3887 3879
3875 3888 3877
3888 3875 3889
3890 3882 3884
3879 3891 3886
3891 3879 3888
3891 3888 3889
3891 3889 3892
3889 3893 3892
3893 3889 3894
3894 3895 3893
3895 3894 3896
3896 3897 3895
3897 3896 3898
3898 3899 3897
3899 3898 3900
3901 3899 3900
3873 3889 3875
3889 3873 3874
3882 3890 3902
3882 3902 3903
3882 3903 3883
3904 3905 3906
3905 3907 3906
3908 3909 3910
3911 3908 3910
3908 3911 3912
3913 3912 3911
3912 3913 3914
3914 3913 3915
3913 3916 3915
3744 3731 3917
3733 3917 3731
3917 3733 3918
3919 3918 3733
3772 3786 3920
3921 3922 3923
3922 3921 3924
3924 3925 3922
3925 3924 3926
3926 3927 3925
3927 3926 3928
3928 3929 3927
3929 3928 3930
3930 3931 3929
3931 3930 3932
3931 3933 3929
3933 3931 3934
3932 3935 3931
3935 3934 3931
3935 3932 3936
3934 3935 3937
3938 3937 3935
3936 3938 3935
3937 3938 3939
3938 3940 3939
3940 3938 3941
3938 3936 3941
3940 3941 3942
3943 3941 3936
3941 3943 3942
3944 3942 3943
3943 3945 3944
3945 3943 3946
3946 3936 3932
3936 3946 3943
3946 3947 3945
3947 3946 3948
3948 3949 3947
3949 3948 3950
3950 3951 3949
3951 3950 3952
3953 3951 3952
3951 3953 3954
3955 3954 3953
3954 3955 3956
3942 3944 3957
3957 3958 3942
3932 3948 3946
3948 3932 3930
3930 3950 3948
3950 3930 3928
3928 3952 3950
3952 3928 3926
3926 3953 3952
3953 3926 3924
3921 3953 3924
3953 3921 3955
3955 3959 3956
3960 3955 3921
3955 3960 3959
3923 3960 3921
3960 3923 3961
3962 3959 3960
3961 3962 3960
3959 3962 3963
3962 3961 3964
3965 3962 3964
3962 3965 3966
3966 3963 3962
3967 3966 3965
3966 3967 3968
3969 3968 3967
3970 3969 3967
3969 3971 3968
3971 3966 3968
3966 3971 3972
3963 3966 3972
3969 3973 3971
3973 3974 3971
3972 3971 3974
3975 3976 3977
3976 3975 3978
3979 3977 3976
3977 3979 3980
3979 3981 3980
3981 3979 3982
3979 3983 3982
3983 3979 3984
3976 3984 3979
3984 3976 3985
3978 3985 3976
3985 3978 3986
3987 3981 3982
3987 3982 3983
3988 3986 3978
3986 3988 3989
3990 3978 3975
3978 3990 3988
3991 3989 3988
3989 3991 3992
3993 3992 3991
3994 3993 3991
3995 3994 3991
3988 3995 3991
3995 3988 3990
3993 3994 3996
3985 3997 3984
3997 3985 3998
3999 3984 3997
3984 3999 3983
4000 3983 3999
3983 4000 4001
3987 3983 4001
4002 4001 4000
4001 4002 4003
4003 4002 4004
3987 4001 4003
4004 4005 4003
4004 4006 4005
4006 4004 4007
4007 4008 4006
4008 4007 4009
4009 4010 4008
4010 4009 4011
4011 4012 4010
4012 4011 4013
4013 4014 4012
4014 4013 4015
4015 4016 4014
4005 4017 4003
4017 3987 4003
4017 4005 4018
3987 4017 4019
4019 4017 4018
4020 4019 4018
4019 4020 4021
4021 4022 4019
4022 4021 4023
4024 4023 4021
4020 4024 4021
4023 4024 4025
4024 4026 4025
4026 4024 4027
4026 4028 4025
4028 4026 4029
4029 4030 4028
4031 4028 4030
4028 4031 4032
4025 4032 4023
4032 4025 4028
4022 4023 4032
4030 4029 4033
4030 4034 4031
4034 4030 4035
4033 4035 4030
4035 4036 4034
4037 4036 4035
4035 4033 4037
4036 4037 4038
4038 4039 4036
4039 4038 4040
4040 4041 4039
4041 4040 4042
4042 4043 4041
4043 4042 4044
4044 4045 4043
4045 4044 4046
4047 4045 4046
4048 4037 4033
4048 4033 4049
4048 4050 4037
4037 4050 4038
4029 4049 4033
4029 4051 4049
4029 4052 4051
4052 4029 4026
4026 4053 4052
4053 4026 4027
4027 4054 4053
4054 4027 4055
4027 4056 4055
4056 4027 4024
4024 4020 4056
4057 4055 4056
4055 4057 4058
4056 4059 4057
4059 4056 4020
4018 4059 4020
4059 4018 4060
4061 4058 4057
4058 4061 4062
4063 4062 4061
4062 4063 4064
4061 4065 4063
4065 4061 4066
4057 4066 4061
4066 4057 4059
4060 4066 4059
4067 4065 4066
4066 4060 4067
4065 4067 4068
4069 4064 4063
4064 4069 4070
4071 4070 4069
4070 4071 4072
4073 4072 4071
4073 4071 4074
4069 4074 4071
4074 4069 4075
4063 4075 4069
4075 4063 4065
4074 4075 4012
4065 4012 4075
4012 4065 4068
4073 4076 4072
4076 4070 4072
4070 4076 4077
4077 4064 4070
4064 4077 4078
4078 4062 4064
4062 4078 4079
4079 4058 4062
4058 4079 4080
4080 4055 4058
4055 4080 4054
4012 4068 4010
4068 4008 4010
4008 4068 4067
4067 4006 4008
4006 4067 4060
4060 4005 4006
4005 4060 4018
4081 3925 3927
3929 4081 3927
4081 3929 3933
4082 4083 4084
4083 4082 4085
4086 4084 4083
4084 4086 4087
4088 4087 4086
4082 4089 4085
4090 4091 4092
4091 4093 4092
4093 4091 4094
4094 4095 4093
4095 4094 4096
4097 4095 4096
4095 4097 4098
4099 4098 4097
4098 4099 4100
4101 4100 4099
4100 4101 4102
4103 4102 4101
4102 4103 4104
4105 4104 4103
4104 4105 4106
4105 4107 4106
4107 4105 4108
4109 4107 4108
4107 4109 4110
4109 4111 4110
4111 4109 4112
4112 4113 4111
4113 4112 4114
4115 4113 4114
4115 4116 4113
3985 4117 3998
4118 4119 4120
4118 4121 4119
4122 4119 4121
4119 4122 4123
4124 4123 4122
4123 4124 4125
4121 4118 4126
4127 4126 4118
4120 4127 4118
4126 4127 4128
4129 4128 4127
4130 4129 4127
4127 4120 4130
4129 4130 4131
4128 4129 4132
4133 4132 4129
4131 4133 4129
4132 4133 4134
4133 4131 4135
4124 4136 4125
4136 4124 4137
4137 4138 4136
4138 4137 4139
4139 4140 4138
4140 4139 4141
4141 4142 4140
4142 4141 4143
4144 4141 4139
4141 4144 4145
4145 4143 4141
4146 4145 4144
4145 4146 4147
4144 4148 4146
4148 4144 4149
4139 4149 4144
4149 4139 4137
4149 4150 4148
4150 4149 4151
4137 4151 4149
4151 4152 4150
4152 4151 4153
4154 4152 4153
4152 4154 4155
4156 4155 4154
4155 4156 4157
4158 4157 4156
4157 4158 4159
4160 4159 4158
4159 4160 4161
4160 4162 4161
4162 4160 4163
4124 4153 4151
4151 4137 4124
4153 4124 4122
4153 4121 4154
4121 4153 4122
4154 4126 4156
4126 4154 4121
4156 4128 4158
4128 4156 4126
4132 4158 4128
4158 4132 4160
4134 4160 4132
4160 4134 4163
4164 4163 4134
4133 4164 4134
4164 4133 4165
4165 4166 4164
4166 4165 4167
4167 4165 4168
4169 4164 4166
4164 4169 4170
4169 4171 4170
4171 4169 4172
4135 4165 4133
4165 4135 4168
4163 4164 4170
4170 4162 4163
4162 4170 4171
4173 4174 4143
4174 4173 4175
4176 4143 4174
4143 4176 4142
4177 4142 4176
4178 4177 4176
4176 4179 4178
4179 4176 4180
4174 4180 4176
4175 4180 4174
4180 4181 4179
4181 4180 4182
4183 4182 4180
4180 4175 4183
4184 4183 4175
4183 4184 4185
4182 4183 4186
4185 4186 4183
4186 4187 4182
4187 4186 4188
4189 4188 4186
4186 4185 4189
4188 4189 4190
4188 4191 4187
4192 4187 4191
4193 4192 4191
4193 4191 4194
4191 4188 4194
4190 4194 4188
4195 4193 4194
4194 4190 4195
4187 4192 4196
4196 4182 4187
4182 4196 4181
4175 4197 4184
4197 4175 4173
4173 4147 4197
4147 4173 4145
4143 4145 4173
4198 4199 4200
4198 4200 4201
4201 4202 4198
4203 4202 4201
4202 4203 4204
4205 4204 4203
4204 4205 4206
4205 4207 4206
4207 4205 4208
4208 4209 4207
4209 4208 4210
4211 4209 4210
4209 4211 4212
4212 4211 4213
4211 4214 4213
4214 4215 4213
4216 4215 4214
4216 4214 4217
4214 4218 4217
4219 4217 4218
4217 4219 4220
4221 4220 4219
4220 4221 4222
4223 4222 4221
4222 4223 4224
4222 4225 4220
4225 4222 4226
4224 4226 4222
4226 4224 4227
4227 4228 4226
4228 4227 4229
4225 4226 4230
4226 4228 4230
4229 4231 4228
4231 4229 4232
4233 4228 4231
4228 4233 4234
4228 4234 4230
4232 4235 4231
4235 4232 4236
4236 4237 4235
4237 4236 4238
4238 4239 4237
4237 4239 4240
4240 4235 4237
4235 4240 4241
4241 4231 4235
4231 4241 4233
4242 4230 4234
4230 4242 4243
4244 4243 4242
4243 4244 4245
4245 4246 4243
4246 4245 4247
4247 4217 4246
4217 4247 4248
4242 4249 4244
4249 4242 4250
4250 4251 4249
4251 4250 4252
4252 4253 4251
4253 4252 4254
4241 4254 4252
4254 4241 4240
4220 4246 4217
4246 4220 4225
4225 4243 4246
4243 4225 4230
4233 4252 4250
4250 4234 4233
4234 4250 4242
4252 4233 4241
4239 4253 4254
4239 4254 4240
4248 4216 4217
4255 4215 4216
4215 4255 4256
4256 4213 4215
4213 4256 4257
4257 4212 4213
4212 4257 4258
4248 4255 4216
4255 4248 4259
4247 4260 4248
4260 4247 4261
4261 4247 4245
4262 4261 4245
4244 4262 4245
4262 4244 4263
4263 4244 4249
4264 4265 4266
4265 4264 4267
4268 4267 4264
4267 4268 4269
4270 4266 4265
4271 4270 4265
4266 4270 4272
4223 4270 4271
4270 4223 4221
4221 4272 4270
4272 4221 4219
4273 4269 4268
4269 4273 4274
4275 4274 4273
4274 4275 4276
4264 4277 4268
4272 4278 4266
4279 4266 4278
4277 4264 4279
4266 4279 4264
4278 4272 4280
4219 4280 4272
4280 4219 4218
4273 4201 4275
4201 4273 4281
4281 4268 4277
4268 4281 4273
4200 4275 4201
4200 4276 4275
4276 4200 4199
4282 4283 4284
4283 4282 4285
4286 4282 4284
4282 4286 4287
4284 4288 4286
4288 4284 4289
4283 4289 4284
4289 4283 4290
4285 4291 4283
4291 4290 4283
4291 4285 4292
4292 4293 4291
4294 4291 4293
4291 4294 4295
4293 4292 4296
4296 4297 4293
4297 4296 4298
4298 4299 4297
4299 4298 4300
4300 4301 4299
4301 4300 4302
4302 4303 4301
4303 4302 4304
4305 4293 4297
4306 4297 4299
4307 4299 4301
4303 4307 4301
4307 4303 4308
4304 4309 4303
4309 4310 4303
4310 4309 4311
4309 4304 4312
4312 4313 4309
4313 4314 4309
4314 4313 4315
4313 4312 4316
4317 4315 4313
4316 4317 4313
4317 4316 4318
4318 4319 4317
4319 4318 4320
4320 4321 4319
4321 4322 4319
4322 4317 4319
4317 4322 4323
4324 4317 4323
4325 4323 4322
4321 4325 4322
4323 4325 4326
4327 4311 4315
4327 4323 4326
4323 4327 4315
4328 4327 4329
4330 4331 4329
4332 4330 4333
4330 4334 4333
4299 4334 4335
4297 4335 4336
4293 4336 4337
4335 4338 4339
4338 4335 4340
4340 4330 4338
4341 4342 4339
4343 4341 4344
4341 4345 4344
4345 4341 4346
4347 4345 4346
4345 4347 4348
4347 4290 4348
4290 4347 4349
4349 4350 4290
4351 4349 4352
4352 4353 4351
4353 4352 4354
4354 4355 4353
4355 4354 4356
4357 4355 4356
4355 4357 4358
4357 4359 4358
4360 4357 4361
4361 4362 4360
4363 4364 4365
4366 4363 4365
4367 4366 4365
4365 4368 4367
4368 4365 4364
4369 4367 4368
4367 4369 4370
4370 4371 4367
4371 4370 4372
4286 4372 4370
4370 4287 4286
4287 4370 4369
4373 4367 4374
4375 4286 4376
4377 4291 4295
4378 4379 4380
4381 4380 4379
4380 4381 4382
4383 4382 4381
4382 4383 4384
4383 4385 4384
4385 4383 4386
4386 4387 4385
4387 4386 4388
4389 4387 4388
4387 4389 4390
4391 4390 4389
4390 4391 4392
4393 4392 4391
4392 4393 4394
4395 4394 4393
4394 4395 4396
4397 4396 4395
4396 4397 4398
4399 4398 4397
4398 4399 4400
4401 4402 4403
4404 4402 4401
4402 4404 4405
4404 4406 4405
4406 4407 4405
4407 4406 4408
4405 4407 4409
4410 4409 4407
4407 4411 4410
4411 4407 4412
4413 4412 4407
4412 4413 4414
4410 4411 4415
4416 4415 4411
4415 4416 4417
4417 4416 4418
4419 4418 4416
4418 4419 4420
4420 4419 4421
4421 4419 4422
4423 4422 4419
4422 4423 4424
4424 4423 4425
4426 4414 4413
4414 4426 4427
4428 4427 4426
4427 4428 4429
4430 4429 4428
4429 4430 4431
4432 4431 4430
4431 4432 4433
4433 4432 4434
4423 4435 4425
4436 4437 4438
4436 4439 4437
4439 4436 4408
4408 4406 4439
967 954 945
